"","a1","a2","a3","a4","a5","a6","a7","a8","a9"
"V1",0,0,0,0,1.6932507760598,0,0,0,0
"V2",0,0,0,0,1.15931069357053,0,0,0,0
"V3",0,0,1.89694488567313,0,0,0,0,0,0
"V4",0,0.923483509284895,0,0.578116892034238,0,0,0,0,1.23897570883335
"V5",0,0,0,0,0,0.512931679911169,0,0,0
"V6",0,0,0,0,0,0,0,0,1.45879139878399
"V7",0,1.07621623947824,0,0,0,0,0.68752817063663,0,0.924601880137535
"V8",-1.00994930595579,0,0,0,0,0,0,0,0
"V9",0,2.06682938911659,0,1.49138480975423,0,0,-0.184731770979915,1.52070450130873,0.441276477084707
"V10",0,0.336103954652028,0,0,0,0,0,0,1.25055048860241
"V11",0,0,0,1.62353603188445,0,0,0,0,1.55796985386028
"V12",0,0.464932017726405,0,0.96764003342635,0,0,0,0,0.777843652490062
"V13",0,1.06169275926992,0,0.604686333012734,0,0,0.592512887687503,0.172123595108718,0.88219488433243
"V14",0,0,0,0,1.51509952843509,0,0,0,0
"V15",-0.638203888863368,0,0,0,0,0,0,0,0
"V16",0,0,0,0,0.535227793237529,0,0,0,0
"V17",0,0,0,0,0,1.0201998275094,0,0,0
"V18",0,0,1.05538015690963,0,0,0,0,0,0
"V19",0,0.559483125231185,0,0.851685298190505,0,0,0.284105088572093,-1.00513528485557,1.13906844380168
"V20",-1.42845442574231,0,0,0,0,0,0,0,0
"V21",0.316132883320724,0,0,0,0,0,0,0,0
"V22",0,0,0,0,0.505057558404344,0,0,0,0
"V23",-0.819111065512326,0,0,0,0,0,0,0,0
"V24",0,0.842125167856823,0,0.243531862585043,0,0,0.703866668996966,0.197155733726427,0.732659121399358
"V25",0,0,0,0,0,1.52139679614371,0,0,0
"V26",0,0.782457287862454,0,1.56182720604808,0,0,0.651006982056779,-0.913668208979358,0.436049133346603
"V27",-1.21675225513608,0,0,0,0,0,0,0,0
"V28",-0.194722727161826,0,0,0,0,0,0,0,0
"V29",0,0,0,1.36618340302854,0,0,1.23983797465857,0.48674441579692,1.1246364908886
"V30",0,0.702996431995729,0,0,0,0,0,0,0.760308572810038
"V31",0,0,0,0,0,0.868397458505207,0,0,0
"V32",0,0.656164031941873,0,0.348634839648413,0,0,1.46249342388793,-0.0660481148091623,1.0694273791982
"V33",0,0,0.72281035128397,0,0,0,0,0,0
"V34",-0.283359698248805,0,0,0,0,0,0,0,0
"V35",-0.602193858241975,0,0,0,0,0,0,0,0
"V36",0,1.06260486198207,0,1.0593430805075,0,0,0.606937317024194,-0.720399616896955,0.774294113906114
"V37",-1.22177132372964,0,0,0,0,0,0,0,0
"V38",0,0,0,0,0,1.28181259931015,0,0,0
"V39",-0.555532564361094,0,0,0,0,0,0,0,0
"V40",0,0,1.87636504259029,0,0,0,0,0,0
"V41",-0.0906624881289935,0,0,0,0,0,0,0,0
"V42",0,0,0,0,0.657022473082722,0,0,0,0
"V43",0,0,0,0,0,0.892292563231905,0,0,0
"V44",-0.197782701899152,0,0,0,0,0,0,0,0
"V45",0,0,1.42381848900437,0,0,0,0,0,0
"V46",0,0,1.21164257448615,0,0,0,0,0,0
"V47",0,0,0,0,0.948459366380728,0,0,0,0
"V48",0,0,0,0,0.964277364730559,0,0,0,0
"V49",0,0,0,0,0.249143905888654,0,0,0,0
"V50",0,0,0,0,0.931697524684631,0,0,0,0
"V51",0,0.666905030886962,0,0,0,0,0,0,1.81384838530792
"V52",0,0,0,0,0,0,0,0,1.17414310706599
"V53",0,1.09807495396248,0,0.540893955951404,0,0,0.888182011689426,0.626912453549598,1.01429389470572
"V54",0,0,0,0,0,1.78020329782813,0,0,0
"V55",-1.31852825377638,0,0,0,0,0,0,0,0
"V56",0,0,0,0,0.957562936334588,0,0,0,0
"V57",0,0,0,0,0,0.349986112913021,0,0,0
"V58",0,0,0,0,0.394217596194352,0,0,0,0
"V59",0,0,0,1.08640024466159,0,0,0.496602956706175,0.550047962747208,1.30361194497043
"V60",0,0,0,0,0.920858403566342,0,0,0,0
"V61",0,0,0,0,2.44787548432468,0,0,0,0
"V62",0,1.24551779562207,0,0.660653564328756,0,0,-0.114584054016009,0.380930035347436,0.544086382231305
"V63",0,0,0.572004753488497,0,0,0,0,0,0
"V64",0,0,0,0,0.711553018642685,0,0,0,0
"V65",0,0.917882448676379,0,0.482645685071116,0,0,0,0,0.155688035920464
"V66",0,0,0,0,0,0,0,0,2.52631782760098
"V67",-0.396411819756232,0,0,0,0,0,0,0,0
"V68",0,0,1.50914607152459,0,0,0,0,0,0
"V69",0,0,0,0,1.26826238663942,0,0,0,0
"V70",0,0,1.8105829322338,0,0,0,0,0,0
"V71",0,0,2.14290517454742,0,0,0,0,0,0
"V72",-0.36392784133127,0,0,0,0,0,0,0,0
"V73",0,0,0,0,0,0,0,0,0
"V74",0,0,0,0,0,0,0,0,0
"V75",0,0,0,0,0,0,0,0,0
