"","a1","a2","a3","a4","a5","a6","a7","a8","a9"
"V1",0,0,0,0,-1.31648245078543,0,0,0,0
"V2",0,0,0,0,-1.0408657096444,0,0,0,0
"V3",0,0,-1.54394361142711,0,0,0,0,0,0
"V4",0,0.982629131684257,0,-0.942585331158532,0,0,0,0,-0.595276569602255
"V5",0,0,0,0,0,-0.710017139999423,0,0,0
"V6",0,0,0,0,0,0,0,0,-1.27766317981095
"V7",0,1.74519370179657,0,0,0,0,-2.09591526539869,0,-1.12425658866995
"V8",-0.643506003005718,0,0,0,0,0,0,0,0
"V9",0,0.928391403554442,0,-0.860796403116229,0,0,-0.357349269679202,-0.809846460739187,-0.424755031486663
"V10",0,0.433037275526442,0,0,0,0,0,0,-0.95167833075239
"V11",0,0,0,-1.27538274667252,0,0,0,0,-1.56919063237282
"V12",0,0.978196033398566,0,-0.758068360670303,0,0,0,0,-0.737907711812052
"V13",0,1.17861478478649,0,-0.901021450366964,0,0,0.254799784608425,-0.384348760772962,-0.804698588190343
"V14",0,0,0,0,-2.17764132435486,0,0,0,0
"V15",-0.779765123035323,0,0,0,0,0,0,0,0
"V16",0,0,0,0,-0.565339043342741,0,0,0,0
"V17",0,0,0,0,0,-0.813102775948119,0,0,0
"V18",0,0,-1.36465624761914,0,0,0,0,0,0
"V19",0,0.958006363657629,0,-0.637269893994242,0,0,-0.297217953119344,1.13236661501765,-0.935343430087977
"V20",-0.749184931438399,0,0,0,0,0,0,0,0
"V21",3.12462286543958,0,0,0,0,0,0,0,0
"V22",0,0,0,0,-0.735430960367535,0,0,0,0
"V23",-1.64999402287985,0,0,0,0,0,0,0,0
"V24",0,0.600422950183032,0,-0.499449303495936,0,0,-0.438304085199134,-0.26786962253225,-0.80887938775004
"V25",0,0,0,0,0,-1.37759977751252,0,0,0
"V26",0,1.0818107367989,0,-1.22916738273746,0,0,-0.372673469974157,1.37782021009875,-0.800899986297442
"V27",-0.985210545150833,0,0,0,0,0,0,0,0
"V28",-0.303326874283642,0,0,0,0,0,0,0,0
"V29",0,0,0,-1.6397740059067,0,0,-0.848919187737782,0.0570646880296452,-1.20325721544335
"V30",0,0.820703229387732,0,0,0,0,0,0,-0.708428877669837
"V31",0,0,0,0,0,-1.13856542742789,0,0,0
"V32",0,0.622034010755275,0,-0.621143112413128,0,0,-0.0864038148258333,0.130975090109482,-1.11577767530153
"V33",0,0,-0.584044278707625,0,0,0,0,0,0
"V34",-0.745362411030892,0,0,0,0,0,0,0,0
"V35",-0.612891758369214,0,0,0,0,0,0,0,0
"V36",0,1.23777261236335,0,-0.589610541155418,0,0,-0.592038607334052,0.924434008586979,-0.852589577610604
"V37",-1.06745795103942,0,0,0,0,0,0,0,0
"V38",0,0,0,0,0,-0.945428040034291,0,0,0
"V39",-0.86811887287385,0,0,0,0,0,0,0,0
"V40",0,0,-1.79374783303003,0,0,0,0,0,0
"V41",-0.578295828994028,0,0,0,0,0,0,0,0
"V42",0,0,0,0,-0.932522538252452,0,0,0,0
"V43",0,0,0,0,0,-1.39702607600997,0,0,0
"V44",-0.398921139930974,0,0,0,0,0,0,0,0
"V45",0,0,-1.38009367780388,0,0,0,0,0,0
"V46",0,0,-1.03516199907914,0,0,0,0,0,0
"V47",0,0,0,0,-1.06040936130828,0,0,0,0
"V48",0,0,0,0,-1.15582384329878,0,0,0,0
"V49",0,0,0,0,-0.550526200423089,0,0,0,0
"V50",0,0,0,0,-0.666067370969019,0,0,0,0
"V51",0,0.722817159039535,0,0,0,0,0,0,-1.75473742447818
"V52",0,0,0,0,0,0,0,0,-1.25411826013872
"V53",0,0.996120778379598,0,-0.517591061172411,0,0,0.322594467527505,-0.355077179835272,-1.18192381353631
"V54",0,0,0,0,0,-1.43672535755171,0,0,0
"V55",-0.97524564154095,0,0,0,0,0,0,0,0
"V56",0,0,0,0,-0.95062961276961,0,0,0,0
"V57",0,0,0,0,0,-0.0997742737485962,0,0,0
"V58",0,0,0,0,-0.653857644208228,0,0,0,0
"V59",0,0,0,-1.68046092444475,0,0,-0.309872934519898,-0.0356921653322133,-1.65455185206982
"V60",0,0,0,0,-0.434049565843147,0,0,0,0
"V61",0,0,0,0,-1.57136947846704,0,0,0,0
"V62",0,1.03777323154369,0,-0.657477133619485,0,0,-0.529767193387877,-0.913725615605951,-0.344130623450698
"V63",0,0,-0.427727806478426,0,0,0,0,0,0
"V64",0,0,0,0,-0.422933150543325,0,0,0,0
"V65",0,0.503800154706652,0,-0.88949101157069,0,0,0,0,-0.127390581428142
"V66",0,0,0,0,0,0,0,0,-6.50952665425553
"V67",0.939757151072365,0,0,0,0,0,0,0,0
"V68",0,0,-1.54021721802984,0,0,0,0,0,0
"V69",0,0,0,0,-1.8849958994981,0,0,0,0
"V70",0,0,-1.96749017337548,0,0,0,0,0,0
"V71",0,0,-1.88440653702919,0,0,0,0,0,0
"V72",-0.565128959108699,0,0,0,0,0,0,0,0
"V73",0,0,0,0,0,0,0,0,0
"V74",0,0,0,0,0,0,0,0,0
"V75",0,0,0,0,0,0,0,0,0
