0.000000000000000000e+00,-0.000000000000000000e+00,0.000000000000000000e+00,-0.000000000000000000e+00,-1.270268321037292480e+00,-0.000000000000000000e+00,-0.000000000000000000e+00,0.000000000000000000e+00,0.000000000000000000e+00
0.000000000000000000e+00,-0.000000000000000000e+00,0.000000000000000000e+00,-0.000000000000000000e+00,-1.037113785743713379e+00,-0.000000000000000000e+00,-0.000000000000000000e+00,0.000000000000000000e+00,0.000000000000000000e+00
0.000000000000000000e+00,-0.000000000000000000e+00,-1.245330333709716797e+00,-0.000000000000000000e+00,0.000000000000000000e+00,-0.000000000000000000e+00,-0.000000000000000000e+00,0.000000000000000000e+00,0.000000000000000000e+00
0.000000000000000000e+00,7.623444199562072754e-01,0.000000000000000000e+00,-4.296220242977142334e-01,0.000000000000000000e+00,-0.000000000000000000e+00,-0.000000000000000000e+00,0.000000000000000000e+00,-1.040354609489440918e+00
0.000000000000000000e+00,-0.000000000000000000e+00,0.000000000000000000e+00,-0.000000000000000000e+00,0.000000000000000000e+00,-3.751650154590606689e-01,-0.000000000000000000e+00,0.000000000000000000e+00,0.000000000000000000e+00
0.000000000000000000e+00,-0.000000000000000000e+00,0.000000000000000000e+00,-0.000000000000000000e+00,0.000000000000000000e+00,-0.000000000000000000e+00,-0.000000000000000000e+00,0.000000000000000000e+00,-9.839238524436950684e-01
0.000000000000000000e+00,7.489076256752014160e-01,0.000000000000000000e+00,-0.000000000000000000e+00,0.000000000000000000e+00,-0.000000000000000000e+00,-3.192374408245086670e-01,0.000000000000000000e+00,-1.077472329139709473e+00
-8.802649378776550293e-01,-0.000000000000000000e+00,0.000000000000000000e+00,-0.000000000000000000e+00,0.000000000000000000e+00,-0.000000000000000000e+00,-0.000000000000000000e+00,0.000000000000000000e+00,0.000000000000000000e+00
0.000000000000000000e+00,1.051976799964904785e+00,0.000000000000000000e+00,-1.725759059190750122e-01,0.000000000000000000e+00,-0.000000000000000000e+00,-2.840406596660614014e-01,-6.754516959190368652e-01,-7.187520265579223633e-01
0.000000000000000000e+00,1.520155370235443115e-01,0.000000000000000000e+00,-0.000000000000000000e+00,0.000000000000000000e+00,-0.000000000000000000e+00,-0.000000000000000000e+00,0.000000000000000000e+00,-1.010579705238342285e+00
0.000000000000000000e+00,-0.000000000000000000e+00,0.000000000000000000e+00,-1.148243427276611328e+00,0.000000000000000000e+00,-0.000000000000000000e+00,-0.000000000000000000e+00,0.000000000000000000e+00,-1.588892459869384766e+00
0.000000000000000000e+00,6.755017042160034180e-01,0.000000000000000000e+00,-5.191078186035156250e-01,0.000000000000000000e+00,-0.000000000000000000e+00,-0.000000000000000000e+00,0.000000000000000000e+00,-8.643335103988647461e-01
0.000000000000000000e+00,9.668588638305664062e-01,0.000000000000000000e+00,-3.285673558712005615e-01,0.000000000000000000e+00,-0.000000000000000000e+00,-5.693684816360473633e-01,-3.334893286228179932e-01,-8.389268517494201660e-01
0.000000000000000000e+00,-0.000000000000000000e+00,0.000000000000000000e+00,-0.000000000000000000e+00,-1.325465321540832520e+00,-0.000000000000000000e+00,-0.000000000000000000e+00,0.000000000000000000e+00,0.000000000000000000e+00
-7.453883290290832520e-01,-0.000000000000000000e+00,0.000000000000000000e+00,-0.000000000000000000e+00,0.000000000000000000e+00,-0.000000000000000000e+00,-0.000000000000000000e+00,0.000000000000000000e+00,0.000000000000000000e+00
0.000000000000000000e+00,-0.000000000000000000e+00,0.000000000000000000e+00,-0.000000000000000000e+00,-5.210956335067749023e-01,-0.000000000000000000e+00,-0.000000000000000000e+00,0.000000000000000000e+00,0.000000000000000000e+00
0.000000000000000000e+00,-0.000000000000000000e+00,0.000000000000000000e+00,-0.000000000000000000e+00,0.000000000000000000e+00,-1.123446702957153320e+00,-0.000000000000000000e+00,0.000000000000000000e+00,0.000000000000000000e+00
0.000000000000000000e+00,-0.000000000000000000e+00,-1.033108115196228027e+00,-0.000000000000000000e+00,0.000000000000000000e+00,-0.000000000000000000e+00,-0.000000000000000000e+00,0.000000000000000000e+00,0.000000000000000000e+00
0.000000000000000000e+00,7.520461082458496094e-01,0.000000000000000000e+00,-8.226822614669799805e-01,0.000000000000000000e+00,-0.000000000000000000e+00,-1.442811191082000732e-01,6.620083451271057129e-01,-9.181452989578247070e-01
-1.096260666847229004e+00,-0.000000000000000000e+00,0.000000000000000000e+00,-0.000000000000000000e+00,0.000000000000000000e+00,-0.000000000000000000e+00,-0.000000000000000000e+00,0.000000000000000000e+00,0.000000000000000000e+00
-2.763472199440002441e-01,-0.000000000000000000e+00,0.000000000000000000e+00,-0.000000000000000000e+00,0.000000000000000000e+00,-0.000000000000000000e+00,-0.000000000000000000e+00,0.000000000000000000e+00,0.000000000000000000e+00
0.000000000000000000e+00,-0.000000000000000000e+00,0.000000000000000000e+00,-0.000000000000000000e+00,-5.806619524955749512e-01,-0.000000000000000000e+00,-0.000000000000000000e+00,0.000000000000000000e+00,0.000000000000000000e+00
-8.332539796829223633e-01,-0.000000000000000000e+00,0.000000000000000000e+00,-0.000000000000000000e+00,0.000000000000000000e+00,-0.000000000000000000e+00,-0.000000000000000000e+00,0.000000000000000000e+00,0.000000000000000000e+00
0.000000000000000000e+00,5.010674595832824707e-01,0.000000000000000000e+00,-1.243751943111419678e-01,0.000000000000000000e+00,-0.000000000000000000e+00,-5.144142508506774902e-01,-1.656339913606643677e-01,-9.478410482406616211e-01
0.000000000000000000e+00,-0.000000000000000000e+00,0.000000000000000000e+00,-0.000000000000000000e+00,0.000000000000000000e+00,-1.419244170188903809e+00,-0.000000000000000000e+00,0.000000000000000000e+00,0.000000000000000000e+00
0.000000000000000000e+00,1.000228404998779297e+00,0.000000000000000000e+00,-9.434373378753662109e-01,0.000000000000000000e+00,-0.000000000000000000e+00,1.081920862197875977e-01,5.737133622169494629e-01,-7.602465152740478516e-01
-9.665085077285766602e-01,-0.000000000000000000e+00,0.000000000000000000e+00,-0.000000000000000000e+00,0.000000000000000000e+00,-0.000000000000000000e+00,-0.000000000000000000e+00,0.000000000000000000e+00,0.000000000000000000e+00
-3.017791509628295898e-01,-0.000000000000000000e+00,0.000000000000000000e+00,-0.000000000000000000e+00,0.000000000000000000e+00,-0.000000000000000000e+00,-0.000000000000000000e+00,0.000000000000000000e+00,0.000000000000000000e+00
0.000000000000000000e+00,-0.000000000000000000e+00,0.000000000000000000e+00,-1.479785203933715820e+00,0.000000000000000000e+00,-0.000000000000000000e+00,-7.885354757308959961e-01,-3.145942687988281250e-01,-1.235041499137878418e+00
0.000000000000000000e+00,5.040395259857177734e-01,0.000000000000000000e+00,-0.000000000000000000e+00,0.000000000000000000e+00,-0.000000000000000000e+00,-0.000000000000000000e+00,0.000000000000000000e+00,-8.473623991012573242e-01
0.000000000000000000e+00,-0.000000000000000000e+00,0.000000000000000000e+00,-0.000000000000000000e+00,0.000000000000000000e+00,-1.131291747093200684e+00,-0.000000000000000000e+00,0.000000000000000000e+00,0.000000000000000000e+00
0.000000000000000000e+00,5.763990283012390137e-01,0.000000000000000000e+00,-4.643878638744354248e-01,0.000000000000000000e+00,-0.000000000000000000e+00,-6.781749725341796875e-01,-9.625039994716644287e-02,-9.325697422027587891e-01
0.000000000000000000e+00,-0.000000000000000000e+00,-8.289727568626403809e-01,-0.000000000000000000e+00,0.000000000000000000e+00,-0.000000000000000000e+00,-0.000000000000000000e+00,0.000000000000000000e+00,0.000000000000000000e+00
-6.595481038093566895e-01,-0.000000000000000000e+00,0.000000000000000000e+00,-0.000000000000000000e+00,0.000000000000000000e+00,-0.000000000000000000e+00,-0.000000000000000000e+00,0.000000000000000000e+00,0.000000000000000000e+00
-5.859097242355346680e-01,-0.000000000000000000e+00,0.000000000000000000e+00,-0.000000000000000000e+00,0.000000000000000000e+00,-0.000000000000000000e+00,-0.000000000000000000e+00,0.000000000000000000e+00,0.000000000000000000e+00
0.000000000000000000e+00,1.251728892326354980e+00,0.000000000000000000e+00,-8.133724927902221680e-01,0.000000000000000000e+00,-0.000000000000000000e+00,1.039706543087959290e-01,5.897573828697204590e-01,-9.080439209938049316e-01
-9.754186868667602539e-01,-0.000000000000000000e+00,0.000000000000000000e+00,-0.000000000000000000e+00,0.000000000000000000e+00,-0.000000000000000000e+00,-0.000000000000000000e+00,0.000000000000000000e+00,0.000000000000000000e+00
0.000000000000000000e+00,-0.000000000000000000e+00,0.000000000000000000e+00,-0.000000000000000000e+00,0.000000000000000000e+00,-1.166300773620605469e+00,-0.000000000000000000e+00,0.000000000000000000e+00,0.000000000000000000e+00
-6.309198737144470215e-01,-0.000000000000000000e+00,0.000000000000000000e+00,-0.000000000000000000e+00,0.000000000000000000e+00,-0.000000000000000000e+00,-0.000000000000000000e+00,0.000000000000000000e+00,0.000000000000000000e+00
0.000000000000000000e+00,-0.000000000000000000e+00,-1.331363439559936523e+00,-0.000000000000000000e+00,0.000000000000000000e+00,-0.000000000000000000e+00,-0.000000000000000000e+00,0.000000000000000000e+00,0.000000000000000000e+00
-6.114872694015502930e-01,-0.000000000000000000e+00,0.000000000000000000e+00,-0.000000000000000000e+00,0.000000000000000000e+00,-0.000000000000000000e+00,-0.000000000000000000e+00,0.000000000000000000e+00,0.000000000000000000e+00
0.000000000000000000e+00,-0.000000000000000000e+00,0.000000000000000000e+00,-0.000000000000000000e+00,-8.034466505050659180e-01,-0.000000000000000000e+00,-0.000000000000000000e+00,0.000000000000000000e+00,0.000000000000000000e+00
0.000000000000000000e+00,-0.000000000000000000e+00,0.000000000000000000e+00,-0.000000000000000000e+00,0.000000000000000000e+00,-1.183112502098083496e+00,-0.000000000000000000e+00,0.000000000000000000e+00,0.000000000000000000e+00
-7.490549087524414062e-01,-0.000000000000000000e+00,0.000000000000000000e+00,-0.000000000000000000e+00,0.000000000000000000e+00,-0.000000000000000000e+00,-0.000000000000000000e+00,0.000000000000000000e+00,0.000000000000000000e+00
0.000000000000000000e+00,-0.000000000000000000e+00,-1.083431005477905273e+00,-0.000000000000000000e+00,0.000000000000000000e+00,-0.000000000000000000e+00,-0.000000000000000000e+00,0.000000000000000000e+00,0.000000000000000000e+00
0.000000000000000000e+00,-0.000000000000000000e+00,-1.347793340682983398e+00,-0.000000000000000000e+00,0.000000000000000000e+00,-0.000000000000000000e+00,-0.000000000000000000e+00,0.000000000000000000e+00,0.000000000000000000e+00
0.000000000000000000e+00,-0.000000000000000000e+00,0.000000000000000000e+00,-0.000000000000000000e+00,-9.148691296577453613e-01,-0.000000000000000000e+00,-0.000000000000000000e+00,0.000000000000000000e+00,0.000000000000000000e+00
0.000000000000000000e+00,-0.000000000000000000e+00,0.000000000000000000e+00,-0.000000000000000000e+00,-1.111032962799072266e+00,-0.000000000000000000e+00,-0.000000000000000000e+00,0.000000000000000000e+00,0.000000000000000000e+00
0.000000000000000000e+00,-0.000000000000000000e+00,0.000000000000000000e+00,-0.000000000000000000e+00,-3.143075704574584961e-01,-0.000000000000000000e+00,-0.000000000000000000e+00,0.000000000000000000e+00,0.000000000000000000e+00
0.000000000000000000e+00,-0.000000000000000000e+00,0.000000000000000000e+00,-0.000000000000000000e+00,-8.506148457527160645e-01,-0.000000000000000000e+00,-0.000000000000000000e+00,0.000000000000000000e+00,0.000000000000000000e+00
0.000000000000000000e+00,2.067047655582427979e-01,0.000000000000000000e+00,-0.000000000000000000e+00,0.000000000000000000e+00,-0.000000000000000000e+00,-0.000000000000000000e+00,0.000000000000000000e+00,-1.400677084922790527e+00
0.000000000000000000e+00,-0.000000000000000000e+00,0.000000000000000000e+00,-0.000000000000000000e+00,0.000000000000000000e+00,-0.000000000000000000e+00,-0.000000000000000000e+00,0.000000000000000000e+00,-1.030721187591552734e+00
0.000000000000000000e+00,6.984008550643920898e-01,0.000000000000000000e+00,-2.735391855239868164e-01,0.000000000000000000e+00,-0.000000000000000000e+00,-5.954292416572570801e-01,-2.038662284612655640e-01,-1.152213215827941895e+00
0.000000000000000000e+00,-0.000000000000000000e+00,0.000000000000000000e+00,-0.000000000000000000e+00,0.000000000000000000e+00,-1.237214207649230957e+00,-0.000000000000000000e+00,0.000000000000000000e+00,0.000000000000000000e+00
-8.899683952331542969e-01,-0.000000000000000000e+00,0.000000000000000000e+00,-0.000000000000000000e+00,0.000000000000000000e+00,-0.000000000000000000e+00,-0.000000000000000000e+00,0.000000000000000000e+00,0.000000000000000000e+00
0.000000000000000000e+00,-0.000000000000000000e+00,0.000000000000000000e+00,-0.000000000000000000e+00,-9.208253026008605957e-01,-0.000000000000000000e+00,-0.000000000000000000e+00,0.000000000000000000e+00,0.000000000000000000e+00
0.000000000000000000e+00,-0.000000000000000000e+00,0.000000000000000000e+00,-0.000000000000000000e+00,0.000000000000000000e+00,-4.358021020889282227e-01,-0.000000000000000000e+00,0.000000000000000000e+00,0.000000000000000000e+00
0.000000000000000000e+00,-0.000000000000000000e+00,0.000000000000000000e+00,-0.000000000000000000e+00,-5.525066256523132324e-01,-0.000000000000000000e+00,-0.000000000000000000e+00,0.000000000000000000e+00,0.000000000000000000e+00
0.000000000000000000e+00,-0.000000000000000000e+00,0.000000000000000000e+00,-1.014173150062561035e+00,0.000000000000000000e+00,-0.000000000000000000e+00,-2.498688250780105591e-01,-2.743703722953796387e-01,-1.517636299133300781e+00
0.000000000000000000e+00,-0.000000000000000000e+00,0.000000000000000000e+00,-0.000000000000000000e+00,-6.914897561073303223e-01,-0.000000000000000000e+00,-0.000000000000000000e+00,0.000000000000000000e+00,0.000000000000000000e+00
0.000000000000000000e+00,-0.000000000000000000e+00,0.000000000000000000e+00,-0.000000000000000000e+00,-1.453614592552185059e+00,-0.000000000000000000e+00,-0.000000000000000000e+00,0.000000000000000000e+00,0.000000000000000000e+00
0.000000000000000000e+00,1.048704504966735840e+00,0.000000000000000000e+00,4.506928380578756332e-03,0.000000000000000000e+00,-0.000000000000000000e+00,-1.996988803148269653e-01,-5.337027907371520996e-01,-7.540099620819091797e-01
0.000000000000000000e+00,-0.000000000000000000e+00,-2.688659429550170898e-01,-0.000000000000000000e+00,0.000000000000000000e+00,-0.000000000000000000e+00,-0.000000000000000000e+00,0.000000000000000000e+00,0.000000000000000000e+00
0.000000000000000000e+00,-0.000000000000000000e+00,0.000000000000000000e+00,-0.000000000000000000e+00,-5.664297938346862793e-01,-0.000000000000000000e+00,-0.000000000000000000e+00,0.000000000000000000e+00,0.000000000000000000e+00
0.000000000000000000e+00,5.154713988304138184e-01,0.000000000000000000e+00,-3.386390209197998047e-01,0.000000000000000000e+00,-0.000000000000000000e+00,-0.000000000000000000e+00,0.000000000000000000e+00,-4.896681308746337891e-01
0.000000000000000000e+00,-0.000000000000000000e+00,0.000000000000000000e+00,-0.000000000000000000e+00,0.000000000000000000e+00,-0.000000000000000000e+00,-0.000000000000000000e+00,0.000000000000000000e+00,-1.316285848617553711e+00
-4.612308144569396973e-01,-0.000000000000000000e+00,0.000000000000000000e+00,-0.000000000000000000e+00,0.000000000000000000e+00,-0.000000000000000000e+00,-0.000000000000000000e+00,0.000000000000000000e+00,0.000000000000000000e+00
0.000000000000000000e+00,-0.000000000000000000e+00,-1.528392434120178223e+00,-0.000000000000000000e+00,0.000000000000000000e+00,-0.000000000000000000e+00,-0.000000000000000000e+00,0.000000000000000000e+00,0.000000000000000000e+00
0.000000000000000000e+00,-0.000000000000000000e+00,0.000000000000000000e+00,-0.000000000000000000e+00,-1.375561356544494629e+00,-0.000000000000000000e+00,-0.000000000000000000e+00,0.000000000000000000e+00,0.000000000000000000e+00
0.000000000000000000e+00,-0.000000000000000000e+00,-1.563247799873352051e+00,-0.000000000000000000e+00,0.000000000000000000e+00,-0.000000000000000000e+00,-0.000000000000000000e+00,0.000000000000000000e+00,0.000000000000000000e+00
0.000000000000000000e+00,-0.000000000000000000e+00,-6.183469295501708984e-01,-0.000000000000000000e+00,0.000000000000000000e+00,-0.000000000000000000e+00,-0.000000000000000000e+00,0.000000000000000000e+00,0.000000000000000000e+00
-4.737342298030853271e-01,-0.000000000000000000e+00,0.000000000000000000e+00,-0.000000000000000000e+00,0.000000000000000000e+00,-0.000000000000000000e+00,-0.000000000000000000e+00,0.000000000000000000e+00,0.000000000000000000e+00
0.000000000000000000e+00,-0.000000000000000000e+00,0.000000000000000000e+00,-1.340402126312255859e+00,0.000000000000000000e+00,-0.000000000000000000e+00,-7.712410092353820801e-01,-3.811842501163482666e-01,-8.817023038864135742e-01
0.000000000000000000e+00,-0.000000000000000000e+00,-1.091221570968627930e+00,-0.000000000000000000e+00,0.000000000000000000e+00,-0.000000000000000000e+00,-0.000000000000000000e+00,0.000000000000000000e+00,0.000000000000000000e+00
0.000000000000000000e+00,-0.000000000000000000e+00,-1.363823890686035156e+00,-0.000000000000000000e+00,0.000000000000000000e+00,-0.000000000000000000e+00,-0.000000000000000000e+00,0.000000000000000000e+00,0.000000000000000000e+00
