3.571246862411499023e+00
2.963972568511962891e+00
2.825075626373291016e+00
2.209137201309204102e+00
3.693499088287353516e+00
3.165199518203735352e+00
2.411663770675659180e+00
2.884632825851440430e+00
2.361359119415283203e+00
2.496129274368286133e+00
1.910498142242431641e+00
1.522910356521606445e+00
1.955874681472778320e+00
3.752256393432617188e+00
2.720487833023071289e+00
2.141002893447875977e+00
3.132030487060546875e+00
2.437696933746337891e+00
1.734742283821105957e+00
2.922750711441040039e+00
4.016447544097900391e+00
2.969258308410644531e+00
2.894946336746215820e+00
2.245889902114868164e+00
3.051876306533813477e+00
1.594605922698974609e+00
3.298370599746704102e+00
2.403503894805908203e+00
2.006034135818481445e+00
2.322972536087036133e+00
2.633816719055175781e+00
1.930897951126098633e+00
3.198853731155395508e+00
3.399658441543579102e+00
2.336206674575805664e+00
1.931846857070922852e+00
3.316312789916992188e+00
2.942602157592773438e+00
2.941243410110473633e+00
3.060904979705810547e+00
2.830815315246582031e+00
2.346584558486938477e+00
3.007642507553100586e+00
2.784656524658203125e+00
3.409944057464599609e+00
3.144722223281860352e+00
3.157261371612548828e+00
3.101880788803100586e+00
1.448866963386535645e+00
2.717381238937377930e+00
3.459310293197631836e+00
2.162380456924438477e+00
2.111824989318847656e+00
2.658274650573730469e+00
3.503107070922851562e+00
2.714188814163208008e+00
3.778094053268432617e+00
2.335558414459228516e+00
1.881180405616760254e+00
2.936855077743530273e+00
3.266847848892211914e+00
2.178807020187377930e+00
4.422124862670898438e+00
2.066084146499633789e+00
2.830494403839111328e+00
4.163781166076660156e+00
3.823132038116455078e+00
3.016755342483520508e+00
3.464561223983764648e+00
3.408450126647949219e+00
4.514624595642089844e+00
2.231965541839599609e+00
1.787691235542297363e+00
2.677548408508300781e+00
2.885082483291625977e+00
