10000 0 1
10000 0.105555555555556 1
10000 0.211111111111111 1
10000 0.316666666666667 1
10000 0.422222222222222 1
10000 0.527777777777778 1
10000 0.633333333333333 1
10000 0.738888888888889 1
10000 0.844444444444444 1
10000 0.95 1
10000 0 2
10000 0.105555555555556 2
10000 0.211111111111111 2
10000 0.316666666666667 2
10000 0.422222222222222 2
10000 0.527777777777778 2
10000 0.633333333333333 2
10000 0.738888888888889 2
10000 0.844444444444444 2
10000 0.95 2
10000 0 3
10000 0.105555555555556 3
10000 0.211111111111111 3
10000 0.316666666666667 3
10000 0.422222222222222 3
10000 0.527777777777778 3
10000 0.633333333333333 3
10000 0.738888888888889 3
10000 0.844444444444444 3
10000 0.95 3
10000 0 4
10000 0.105555555555556 4
10000 0.211111111111111 4
10000 0.316666666666667 4
10000 0.422222222222222 4
10000 0.527777777777778 4
10000 0.633333333333333 4
10000 0.738888888888889 4
10000 0.844444444444444 4
10000 0.95 4
10000 0 5
10000 0.105555555555556 5
10000 0.211111111111111 5
10000 0.316666666666667 5
10000 0.422222222222222 5
10000 0.527777777777778 5
10000 0.633333333333333 5
10000 0.738888888888889 5
10000 0.844444444444444 5
10000 0.95 5
10000 0 6
10000 0.105555555555556 6
10000 0.211111111111111 6
10000 0.316666666666667 6
10000 0.422222222222222 6
10000 0.527777777777778 6
10000 0.633333333333333 6
10000 0.738888888888889 6
10000 0.844444444444444 6
10000 0.95 6
10000 0 7
10000 0.105555555555556 7
10000 0.211111111111111 7
10000 0.316666666666667 7
10000 0.422222222222222 7
10000 0.527777777777778 7
10000 0.633333333333333 7
10000 0.738888888888889 7
10000 0.844444444444444 7
10000 0.95 7
10000 0 8
10000 0.105555555555556 8
10000 0.211111111111111 8
10000 0.316666666666667 8
10000 0.422222222222222 8
10000 0.527777777777778 8
10000 0.633333333333333 8
10000 0.738888888888889 8
10000 0.844444444444444 8
10000 0.95 8
10000 0 9
10000 0.105555555555556 9
10000 0.211111111111111 9
10000 0.316666666666667 9
10000 0.422222222222222 9
10000 0.527777777777778 9
10000 0.633333333333333 9
10000 0.738888888888889 9
10000 0.844444444444444 9
10000 0.95 9
10000 0 10
10000 0.105555555555556 10
10000 0.211111111111111 10
10000 0.316666666666667 10
10000 0.422222222222222 10
10000 0.527777777777778 10
10000 0.633333333333333 10
10000 0.738888888888889 10
10000 0.844444444444444 10
10000 0.95 10
10000 0 11
10000 0.105555555555556 11
10000 0.211111111111111 11
10000 0.316666666666667 11
10000 0.422222222222222 11
10000 0.527777777777778 11
10000 0.633333333333333 11
10000 0.738888888888889 11
10000 0.844444444444444 11
10000 0.95 11
10000 0 12
10000 0.105555555555556 12
10000 0.211111111111111 12
10000 0.316666666666667 12
10000 0.422222222222222 12
10000 0.527777777777778 12
10000 0.633333333333333 12
10000 0.738888888888889 12
10000 0.844444444444444 12
10000 0.95 12
10000 0 13
10000 0.105555555555556 13
10000 0.211111111111111 13
10000 0.316666666666667 13
10000 0.422222222222222 13
10000 0.527777777777778 13
10000 0.633333333333333 13
10000 0.738888888888889 13
10000 0.844444444444444 13
10000 0.95 13
10000 0 14
10000 0.105555555555556 14
10000 0.211111111111111 14
10000 0.316666666666667 14
10000 0.422222222222222 14
10000 0.527777777777778 14
10000 0.633333333333333 14
10000 0.738888888888889 14
10000 0.844444444444444 14
10000 0.95 14
10000 0 15
10000 0.105555555555556 15
10000 0.211111111111111 15
10000 0.316666666666667 15
10000 0.422222222222222 15
10000 0.527777777777778 15
10000 0.633333333333333 15
10000 0.738888888888889 15
10000 0.844444444444444 15
10000 0.95 15
10000 0 16
10000 0.105555555555556 16
10000 0.211111111111111 16
10000 0.316666666666667 16
10000 0.422222222222222 16
10000 0.527777777777778 16
10000 0.633333333333333 16
10000 0.738888888888889 16
10000 0.844444444444444 16
10000 0.95 16
10000 0 17
10000 0.105555555555556 17
10000 0.211111111111111 17
10000 0.316666666666667 17
10000 0.422222222222222 17
10000 0.527777777777778 17
10000 0.633333333333333 17
10000 0.738888888888889 17
10000 0.844444444444444 17
10000 0.95 17
10000 0 18
10000 0.105555555555556 18
10000 0.211111111111111 18
10000 0.316666666666667 18
10000 0.422222222222222 18
10000 0.527777777777778 18
10000 0.633333333333333 18
10000 0.738888888888889 18
10000 0.844444444444444 18
10000 0.95 18
10000 0 19
10000 0.105555555555556 19
10000 0.211111111111111 19
10000 0.316666666666667 19
10000 0.422222222222222 19
10000 0.527777777777778 19
10000 0.633333333333333 19
10000 0.738888888888889 19
10000 0.844444444444444 19
10000 0.95 19
10000 0 20
10000 0.105555555555556 20
10000 0.211111111111111 20
10000 0.316666666666667 20
10000 0.422222222222222 20
10000 0.527777777777778 20
10000 0.633333333333333 20
10000 0.738888888888889 20
10000 0.844444444444444 20
10000 0.95 20
10000 0 21
10000 0.105555555555556 21
10000 0.211111111111111 21
10000 0.316666666666667 21
10000 0.422222222222222 21
10000 0.527777777777778 21
10000 0.633333333333333 21
10000 0.738888888888889 21
10000 0.844444444444444 21
10000 0.95 21
10000 0 22
10000 0.105555555555556 22
10000 0.211111111111111 22
10000 0.316666666666667 22
10000 0.422222222222222 22
10000 0.527777777777778 22
10000 0.633333333333333 22
10000 0.738888888888889 22
10000 0.844444444444444 22
10000 0.95 22
10000 0 23
10000 0.105555555555556 23
10000 0.211111111111111 23
10000 0.316666666666667 23
10000 0.422222222222222 23
10000 0.527777777777778 23
10000 0.633333333333333 23
10000 0.738888888888889 23
10000 0.844444444444444 23
10000 0.95 23
10000 0 24
10000 0.105555555555556 24
10000 0.211111111111111 24
10000 0.316666666666667 24
10000 0.422222222222222 24
10000 0.527777777777778 24
10000 0.633333333333333 24
10000 0.738888888888889 24
10000 0.844444444444444 24
10000 0.95 24
10000 0 25
10000 0.105555555555556 25
10000 0.211111111111111 25
10000 0.316666666666667 25
10000 0.422222222222222 25
10000 0.527777777777778 25
10000 0.633333333333333 25
10000 0.738888888888889 25
10000 0.844444444444444 25
10000 0.95 25
10000 0 26
10000 0.105555555555556 26
10000 0.211111111111111 26
10000 0.316666666666667 26
10000 0.422222222222222 26
10000 0.527777777777778 26
10000 0.633333333333333 26
10000 0.738888888888889 26
10000 0.844444444444444 26
10000 0.95 26
10000 0 27
10000 0.105555555555556 27
10000 0.211111111111111 27
10000 0.316666666666667 27
10000 0.422222222222222 27
10000 0.527777777777778 27
10000 0.633333333333333 27
10000 0.738888888888889 27
10000 0.844444444444444 27
10000 0.95 27
10000 0 28
10000 0.105555555555556 28
10000 0.211111111111111 28
10000 0.316666666666667 28
10000 0.422222222222222 28
10000 0.527777777777778 28
10000 0.633333333333333 28
10000 0.738888888888889 28
10000 0.844444444444444 28
10000 0.95 28
10000 0 29
10000 0.105555555555556 29
10000 0.211111111111111 29
10000 0.316666666666667 29
10000 0.422222222222222 29
10000 0.527777777777778 29
10000 0.633333333333333 29
10000 0.738888888888889 29
10000 0.844444444444444 29
10000 0.95 29
10000 0 30
10000 0.105555555555556 30
10000 0.211111111111111 30
10000 0.316666666666667 30
10000 0.422222222222222 30
10000 0.527777777777778 30
10000 0.633333333333333 30
10000 0.738888888888889 30
10000 0.844444444444444 30
10000 0.95 30
10000 0 31
10000 0.105555555555556 31
10000 0.211111111111111 31
10000 0.316666666666667 31
10000 0.422222222222222 31
10000 0.527777777777778 31
10000 0.633333333333333 31
10000 0.738888888888889 31
10000 0.844444444444444 31
10000 0.95 31
10000 0 32
10000 0.105555555555556 32
10000 0.211111111111111 32
10000 0.316666666666667 32
10000 0.422222222222222 32
10000 0.527777777777778 32
10000 0.633333333333333 32
10000 0.738888888888889 32
10000 0.844444444444444 32
10000 0.95 32
10000 0 33
10000 0.105555555555556 33
10000 0.211111111111111 33
10000 0.316666666666667 33
10000 0.422222222222222 33
10000 0.527777777777778 33
10000 0.633333333333333 33
10000 0.738888888888889 33
10000 0.844444444444444 33
10000 0.95 33
10000 0 34
10000 0.105555555555556 34
10000 0.211111111111111 34
10000 0.316666666666667 34
10000 0.422222222222222 34
10000 0.527777777777778 34
10000 0.633333333333333 34
10000 0.738888888888889 34
10000 0.844444444444444 34
10000 0.95 34
10000 0 35
10000 0.105555555555556 35
10000 0.211111111111111 35
10000 0.316666666666667 35
10000 0.422222222222222 35
10000 0.527777777777778 35
10000 0.633333333333333 35
10000 0.738888888888889 35
10000 0.844444444444444 35
10000 0.95 35
10000 0 36
10000 0.105555555555556 36
10000 0.211111111111111 36
10000 0.316666666666667 36
10000 0.422222222222222 36
10000 0.527777777777778 36
10000 0.633333333333333 36
10000 0.738888888888889 36
10000 0.844444444444444 36
10000 0.95 36
10000 0 37
10000 0.105555555555556 37
10000 0.211111111111111 37
10000 0.316666666666667 37
10000 0.422222222222222 37
10000 0.527777777777778 37
10000 0.633333333333333 37
10000 0.738888888888889 37
10000 0.844444444444444 37
10000 0.95 37
10000 0 38
10000 0.105555555555556 38
10000 0.211111111111111 38
10000 0.316666666666667 38
10000 0.422222222222222 38
10000 0.527777777777778 38
10000 0.633333333333333 38
10000 0.738888888888889 38
10000 0.844444444444444 38
10000 0.95 38
10000 0 39
10000 0.105555555555556 39
10000 0.211111111111111 39
10000 0.316666666666667 39
10000 0.422222222222222 39
10000 0.527777777777778 39
10000 0.633333333333333 39
10000 0.738888888888889 39
10000 0.844444444444444 39
10000 0.95 39
10000 0 40
10000 0.105555555555556 40
10000 0.211111111111111 40
10000 0.316666666666667 40
10000 0.422222222222222 40
10000 0.527777777777778 40
10000 0.633333333333333 40
10000 0.738888888888889 40
10000 0.844444444444444 40
10000 0.95 40
10000 0 41
10000 0.105555555555556 41
10000 0.211111111111111 41
10000 0.316666666666667 41
10000 0.422222222222222 41
10000 0.527777777777778 41
10000 0.633333333333333 41
10000 0.738888888888889 41
10000 0.844444444444444 41
10000 0.95 41
10000 0 42
10000 0.105555555555556 42
10000 0.211111111111111 42
10000 0.316666666666667 42
10000 0.422222222222222 42
10000 0.527777777777778 42
10000 0.633333333333333 42
10000 0.738888888888889 42
10000 0.844444444444444 42
10000 0.95 42
10000 0 43
10000 0.105555555555556 43
10000 0.211111111111111 43
10000 0.316666666666667 43
10000 0.422222222222222 43
10000 0.527777777777778 43
10000 0.633333333333333 43
10000 0.738888888888889 43
10000 0.844444444444444 43
10000 0.95 43
10000 0 44
10000 0.105555555555556 44
10000 0.211111111111111 44
10000 0.316666666666667 44
10000 0.422222222222222 44
10000 0.527777777777778 44
10000 0.633333333333333 44
10000 0.738888888888889 44
10000 0.844444444444444 44
10000 0.95 44
10000 0 45
10000 0.105555555555556 45
10000 0.211111111111111 45
10000 0.316666666666667 45
10000 0.422222222222222 45
10000 0.527777777777778 45
10000 0.633333333333333 45
10000 0.738888888888889 45
10000 0.844444444444444 45
10000 0.95 45
10000 0 46
10000 0.105555555555556 46
10000 0.211111111111111 46
10000 0.316666666666667 46
10000 0.422222222222222 46
10000 0.527777777777778 46
10000 0.633333333333333 46
10000 0.738888888888889 46
10000 0.844444444444444 46
10000 0.95 46
10000 0 47
10000 0.105555555555556 47
10000 0.211111111111111 47
10000 0.316666666666667 47
10000 0.422222222222222 47
10000 0.527777777777778 47
10000 0.633333333333333 47
10000 0.738888888888889 47
10000 0.844444444444444 47
10000 0.95 47
10000 0 48
10000 0.105555555555556 48
10000 0.211111111111111 48
10000 0.316666666666667 48
10000 0.422222222222222 48
10000 0.527777777777778 48
10000 0.633333333333333 48
10000 0.738888888888889 48
10000 0.844444444444444 48
10000 0.95 48
10000 0 49
10000 0.105555555555556 49
10000 0.211111111111111 49
10000 0.316666666666667 49
10000 0.422222222222222 49
10000 0.527777777777778 49
10000 0.633333333333333 49
10000 0.738888888888889 49
10000 0.844444444444444 49
10000 0.95 49
10000 0 50
10000 0.105555555555556 50
10000 0.211111111111111 50
10000 0.316666666666667 50
10000 0.422222222222222 50
10000 0.527777777777778 50
10000 0.633333333333333 50
10000 0.738888888888889 50
10000 0.844444444444444 50
10000 0.95 50
