10000 28 0 1 vae
10000 28 0.105555555555556 1 vae
10000 28 0.211111111111111 1 vae
10000 28 0.316666666666667 1 vae
10000 28 0.422222222222222 1 vae
10000 28 0.527777777777778 1 vae
10000 28 0.633333333333333 1 vae
10000 28 0.738888888888889 1 vae
10000 28 0.844444444444444 1 vae
10000 28 0.95 1 vae
10000 28 0 2 vae
10000 28 0.105555555555556 2 vae
10000 28 0.211111111111111 2 vae
10000 28 0.316666666666667 2 vae
10000 28 0.422222222222222 2 vae
10000 28 0.527777777777778 2 vae
10000 28 0.633333333333333 2 vae
10000 28 0.738888888888889 2 vae
10000 28 0.844444444444444 2 vae
10000 28 0.95 2 vae
10000 28 0 3 vae
10000 28 0.105555555555556 3 vae
10000 28 0.211111111111111 3 vae
10000 28 0.316666666666667 3 vae
10000 28 0.422222222222222 3 vae
10000 28 0.527777777777778 3 vae
10000 28 0.633333333333333 3 vae
10000 28 0.738888888888889 3 vae
10000 28 0.844444444444444 3 vae
10000 28 0.95 3 vae
10000 28 0 4 vae
10000 28 0.105555555555556 4 vae
10000 28 0.211111111111111 4 vae
10000 28 0.316666666666667 4 vae
10000 28 0.422222222222222 4 vae
10000 28 0.527777777777778 4 vae
10000 28 0.633333333333333 4 vae
10000 28 0.738888888888889 4 vae
10000 28 0.844444444444444 4 vae
10000 28 0.95 4 vae
10000 28 0 5 vae
10000 28 0.105555555555556 5 vae
10000 28 0.211111111111111 5 vae
10000 28 0.316666666666667 5 vae
10000 28 0.422222222222222 5 vae
10000 28 0.527777777777778 5 vae
10000 28 0.633333333333333 5 vae
10000 28 0.738888888888889 5 vae
10000 28 0.844444444444444 5 vae
10000 28 0.95 5 vae
10000 28 0 6 vae
10000 28 0.105555555555556 6 vae
10000 28 0.211111111111111 6 vae
10000 28 0.316666666666667 6 vae
10000 28 0.422222222222222 6 vae
10000 28 0.527777777777778 6 vae
10000 28 0.633333333333333 6 vae
10000 28 0.738888888888889 6 vae
10000 28 0.844444444444444 6 vae
10000 28 0.95 6 vae
10000 28 0 7 vae
10000 28 0.105555555555556 7 vae
10000 28 0.211111111111111 7 vae
10000 28 0.316666666666667 7 vae
10000 28 0.422222222222222 7 vae
10000 28 0.527777777777778 7 vae
10000 28 0.633333333333333 7 vae
10000 28 0.738888888888889 7 vae
10000 28 0.844444444444444 7 vae
10000 28 0.95 7 vae
10000 28 0 8 vae
10000 28 0.105555555555556 8 vae
10000 28 0.211111111111111 8 vae
10000 28 0.316666666666667 8 vae
10000 28 0.422222222222222 8 vae
10000 28 0.527777777777778 8 vae
10000 28 0.633333333333333 8 vae
10000 28 0.738888888888889 8 vae
10000 28 0.844444444444444 8 vae
10000 28 0.95 8 vae
10000 28 0 9 vae
10000 28 0.105555555555556 9 vae
10000 28 0.211111111111111 9 vae
10000 28 0.316666666666667 9 vae
10000 28 0.422222222222222 9 vae
10000 28 0.527777777777778 9 vae
10000 28 0.633333333333333 9 vae
10000 28 0.738888888888889 9 vae
10000 28 0.844444444444444 9 vae
10000 28 0.95 9 vae
10000 28 0 10 vae
10000 28 0.105555555555556 10 vae
10000 28 0.211111111111111 10 vae
10000 28 0.316666666666667 10 vae
10000 28 0.422222222222222 10 vae
10000 28 0.527777777777778 10 vae
10000 28 0.633333333333333 10 vae
10000 28 0.738888888888889 10 vae
10000 28 0.844444444444444 10 vae
10000 28 0.95 10 vae
10000 28 0 11 vae
10000 28 0.105555555555556 11 vae
10000 28 0.211111111111111 11 vae
10000 28 0.316666666666667 11 vae
10000 28 0.422222222222222 11 vae
10000 28 0.527777777777778 11 vae
10000 28 0.633333333333333 11 vae
10000 28 0.738888888888889 11 vae
10000 28 0.844444444444444 11 vae
10000 28 0.95 11 vae
10000 28 0 12 vae
10000 28 0.105555555555556 12 vae
10000 28 0.211111111111111 12 vae
10000 28 0.316666666666667 12 vae
10000 28 0.422222222222222 12 vae
10000 28 0.527777777777778 12 vae
10000 28 0.633333333333333 12 vae
10000 28 0.738888888888889 12 vae
10000 28 0.844444444444444 12 vae
10000 28 0.95 12 vae
10000 28 0 13 vae
10000 28 0.105555555555556 13 vae
10000 28 0.211111111111111 13 vae
10000 28 0.316666666666667 13 vae
10000 28 0.422222222222222 13 vae
10000 28 0.527777777777778 13 vae
10000 28 0.633333333333333 13 vae
10000 28 0.738888888888889 13 vae
10000 28 0.844444444444444 13 vae
10000 28 0.95 13 vae
10000 28 0 14 vae
10000 28 0.105555555555556 14 vae
10000 28 0.211111111111111 14 vae
10000 28 0.316666666666667 14 vae
10000 28 0.422222222222222 14 vae
10000 28 0.527777777777778 14 vae
10000 28 0.633333333333333 14 vae
10000 28 0.738888888888889 14 vae
10000 28 0.844444444444444 14 vae
10000 28 0.95 14 vae
10000 28 0 15 vae
10000 28 0.105555555555556 15 vae
10000 28 0.211111111111111 15 vae
10000 28 0.316666666666667 15 vae
10000 28 0.422222222222222 15 vae
10000 28 0.527777777777778 15 vae
10000 28 0.633333333333333 15 vae
10000 28 0.738888888888889 15 vae
10000 28 0.844444444444444 15 vae
10000 28 0.95 15 vae
10000 28 0 16 vae
10000 28 0.105555555555556 16 vae
10000 28 0.211111111111111 16 vae
10000 28 0.316666666666667 16 vae
10000 28 0.422222222222222 16 vae
10000 28 0.527777777777778 16 vae
10000 28 0.633333333333333 16 vae
10000 28 0.738888888888889 16 vae
10000 28 0.844444444444444 16 vae
10000 28 0.95 16 vae
10000 28 0 17 vae
10000 28 0.105555555555556 17 vae
10000 28 0.211111111111111 17 vae
10000 28 0.316666666666667 17 vae
10000 28 0.422222222222222 17 vae
10000 28 0.527777777777778 17 vae
10000 28 0.633333333333333 17 vae
10000 28 0.738888888888889 17 vae
10000 28 0.844444444444444 17 vae
10000 28 0.95 17 vae
10000 28 0 18 vae
10000 28 0.105555555555556 18 vae
10000 28 0.211111111111111 18 vae
10000 28 0.316666666666667 18 vae
10000 28 0.422222222222222 18 vae
10000 28 0.527777777777778 18 vae
10000 28 0.633333333333333 18 vae
10000 28 0.738888888888889 18 vae
10000 28 0.844444444444444 18 vae
10000 28 0.95 18 vae
10000 28 0 19 vae
10000 28 0.105555555555556 19 vae
10000 28 0.211111111111111 19 vae
10000 28 0.316666666666667 19 vae
10000 28 0.422222222222222 19 vae
10000 28 0.527777777777778 19 vae
10000 28 0.633333333333333 19 vae
10000 28 0.738888888888889 19 vae
10000 28 0.844444444444444 19 vae
10000 28 0.95 19 vae
10000 28 0 20 vae
10000 28 0.105555555555556 20 vae
10000 28 0.211111111111111 20 vae
10000 28 0.316666666666667 20 vae
10000 28 0.422222222222222 20 vae
10000 28 0.527777777777778 20 vae
10000 28 0.633333333333333 20 vae
10000 28 0.738888888888889 20 vae
10000 28 0.844444444444444 20 vae
10000 28 0.95 20 vae
10000 28 0 21 vae
10000 28 0.105555555555556 21 vae
10000 28 0.211111111111111 21 vae
10000 28 0.316666666666667 21 vae
10000 28 0.422222222222222 21 vae
10000 28 0.527777777777778 21 vae
10000 28 0.633333333333333 21 vae
10000 28 0.738888888888889 21 vae
10000 28 0.844444444444444 21 vae
10000 28 0.95 21 vae
10000 28 0 22 vae
10000 28 0.105555555555556 22 vae
10000 28 0.211111111111111 22 vae
10000 28 0.316666666666667 22 vae
10000 28 0.422222222222222 22 vae
10000 28 0.527777777777778 22 vae
10000 28 0.633333333333333 22 vae
10000 28 0.738888888888889 22 vae
10000 28 0.844444444444444 22 vae
10000 28 0.95 22 vae
10000 28 0 23 vae
10000 28 0.105555555555556 23 vae
10000 28 0.211111111111111 23 vae
10000 28 0.316666666666667 23 vae
10000 28 0.422222222222222 23 vae
10000 28 0.527777777777778 23 vae
10000 28 0.633333333333333 23 vae
10000 28 0.738888888888889 23 vae
10000 28 0.844444444444444 23 vae
10000 28 0.95 23 vae
10000 28 0 24 vae
10000 28 0.105555555555556 24 vae
10000 28 0.211111111111111 24 vae
10000 28 0.316666666666667 24 vae
10000 28 0.422222222222222 24 vae
10000 28 0.527777777777778 24 vae
10000 28 0.633333333333333 24 vae
10000 28 0.738888888888889 24 vae
10000 28 0.844444444444444 24 vae
10000 28 0.95 24 vae
10000 28 0 25 vae
10000 28 0.105555555555556 25 vae
10000 28 0.211111111111111 25 vae
10000 28 0.316666666666667 25 vae
10000 28 0.422222222222222 25 vae
10000 28 0.527777777777778 25 vae
10000 28 0.633333333333333 25 vae
10000 28 0.738888888888889 25 vae
10000 28 0.844444444444444 25 vae
10000 28 0.95 25 vae
10000 28 0 26 vae
10000 28 0.105555555555556 26 vae
10000 28 0.211111111111111 26 vae
10000 28 0.316666666666667 26 vae
10000 28 0.422222222222222 26 vae
10000 28 0.527777777777778 26 vae
10000 28 0.633333333333333 26 vae
10000 28 0.738888888888889 26 vae
10000 28 0.844444444444444 26 vae
10000 28 0.95 26 vae
10000 28 0 27 vae
10000 28 0.105555555555556 27 vae
10000 28 0.211111111111111 27 vae
10000 28 0.316666666666667 27 vae
10000 28 0.422222222222222 27 vae
10000 28 0.527777777777778 27 vae
10000 28 0.633333333333333 27 vae
10000 28 0.738888888888889 27 vae
10000 28 0.844444444444444 27 vae
10000 28 0.95 27 vae
10000 28 0 28 vae
10000 28 0.105555555555556 28 vae
10000 28 0.211111111111111 28 vae
10000 28 0.316666666666667 28 vae
10000 28 0.422222222222222 28 vae
10000 28 0.527777777777778 28 vae
10000 28 0.633333333333333 28 vae
10000 28 0.738888888888889 28 vae
10000 28 0.844444444444444 28 vae
10000 28 0.95 28 vae
10000 28 0 29 vae
10000 28 0.105555555555556 29 vae
10000 28 0.211111111111111 29 vae
10000 28 0.316666666666667 29 vae
10000 28 0.422222222222222 29 vae
10000 28 0.527777777777778 29 vae
10000 28 0.633333333333333 29 vae
10000 28 0.738888888888889 29 vae
10000 28 0.844444444444444 29 vae
10000 28 0.95 29 vae
10000 28 0 30 vae
10000 28 0.105555555555556 30 vae
10000 28 0.211111111111111 30 vae
10000 28 0.316666666666667 30 vae
10000 28 0.422222222222222 30 vae
10000 28 0.527777777777778 30 vae
10000 28 0.633333333333333 30 vae
10000 28 0.738888888888889 30 vae
10000 28 0.844444444444444 30 vae
10000 28 0.95 30 vae
10000 28 0 31 vae
10000 28 0.105555555555556 31 vae
10000 28 0.211111111111111 31 vae
10000 28 0.316666666666667 31 vae
10000 28 0.422222222222222 31 vae
10000 28 0.527777777777778 31 vae
10000 28 0.633333333333333 31 vae
10000 28 0.738888888888889 31 vae
10000 28 0.844444444444444 31 vae
10000 28 0.95 31 vae
10000 28 0 32 vae
10000 28 0.105555555555556 32 vae
10000 28 0.211111111111111 32 vae
10000 28 0.316666666666667 32 vae
10000 28 0.422222222222222 32 vae
10000 28 0.527777777777778 32 vae
10000 28 0.633333333333333 32 vae
10000 28 0.738888888888889 32 vae
10000 28 0.844444444444444 32 vae
10000 28 0.95 32 vae
10000 28 0 33 vae
10000 28 0.105555555555556 33 vae
10000 28 0.211111111111111 33 vae
10000 28 0.316666666666667 33 vae
10000 28 0.422222222222222 33 vae
10000 28 0.527777777777778 33 vae
10000 28 0.633333333333333 33 vae
10000 28 0.738888888888889 33 vae
10000 28 0.844444444444444 33 vae
10000 28 0.95 33 vae
10000 28 0 34 vae
10000 28 0.105555555555556 34 vae
10000 28 0.211111111111111 34 vae
10000 28 0.316666666666667 34 vae
10000 28 0.422222222222222 34 vae
10000 28 0.527777777777778 34 vae
10000 28 0.633333333333333 34 vae
10000 28 0.738888888888889 34 vae
10000 28 0.844444444444444 34 vae
10000 28 0.95 34 vae
10000 28 0 35 vae
10000 28 0.105555555555556 35 vae
10000 28 0.211111111111111 35 vae
10000 28 0.316666666666667 35 vae
10000 28 0.422222222222222 35 vae
10000 28 0.527777777777778 35 vae
10000 28 0.633333333333333 35 vae
10000 28 0.738888888888889 35 vae
10000 28 0.844444444444444 35 vae
10000 28 0.95 35 vae
10000 28 0 36 vae
10000 28 0.105555555555556 36 vae
10000 28 0.211111111111111 36 vae
10000 28 0.316666666666667 36 vae
10000 28 0.422222222222222 36 vae
10000 28 0.527777777777778 36 vae
10000 28 0.633333333333333 36 vae
10000 28 0.738888888888889 36 vae
10000 28 0.844444444444444 36 vae
10000 28 0.95 36 vae
10000 28 0 37 vae
10000 28 0.105555555555556 37 vae
10000 28 0.211111111111111 37 vae
10000 28 0.316666666666667 37 vae
10000 28 0.422222222222222 37 vae
10000 28 0.527777777777778 37 vae
10000 28 0.633333333333333 37 vae
10000 28 0.738888888888889 37 vae
10000 28 0.844444444444444 37 vae
10000 28 0.95 37 vae
10000 28 0 38 vae
10000 28 0.105555555555556 38 vae
10000 28 0.211111111111111 38 vae
10000 28 0.316666666666667 38 vae
10000 28 0.422222222222222 38 vae
10000 28 0.527777777777778 38 vae
10000 28 0.633333333333333 38 vae
10000 28 0.738888888888889 38 vae
10000 28 0.844444444444444 38 vae
10000 28 0.95 38 vae
10000 28 0 39 vae
10000 28 0.105555555555556 39 vae
10000 28 0.211111111111111 39 vae
10000 28 0.316666666666667 39 vae
10000 28 0.422222222222222 39 vae
10000 28 0.527777777777778 39 vae
10000 28 0.633333333333333 39 vae
10000 28 0.738888888888889 39 vae
10000 28 0.844444444444444 39 vae
10000 28 0.95 39 vae
10000 28 0 40 vae
10000 28 0.105555555555556 40 vae
10000 28 0.211111111111111 40 vae
10000 28 0.316666666666667 40 vae
10000 28 0.422222222222222 40 vae
10000 28 0.527777777777778 40 vae
10000 28 0.633333333333333 40 vae
10000 28 0.738888888888889 40 vae
10000 28 0.844444444444444 40 vae
10000 28 0.95 40 vae
10000 28 0 41 vae
10000 28 0.105555555555556 41 vae
10000 28 0.211111111111111 41 vae
10000 28 0.316666666666667 41 vae
10000 28 0.422222222222222 41 vae
10000 28 0.527777777777778 41 vae
10000 28 0.633333333333333 41 vae
10000 28 0.738888888888889 41 vae
10000 28 0.844444444444444 41 vae
10000 28 0.95 41 vae
10000 28 0 42 vae
10000 28 0.105555555555556 42 vae
10000 28 0.211111111111111 42 vae
10000 28 0.316666666666667 42 vae
10000 28 0.422222222222222 42 vae
10000 28 0.527777777777778 42 vae
10000 28 0.633333333333333 42 vae
10000 28 0.738888888888889 42 vae
10000 28 0.844444444444444 42 vae
10000 28 0.95 42 vae
10000 28 0 43 vae
10000 28 0.105555555555556 43 vae
10000 28 0.211111111111111 43 vae
10000 28 0.316666666666667 43 vae
10000 28 0.422222222222222 43 vae
10000 28 0.527777777777778 43 vae
10000 28 0.633333333333333 43 vae
10000 28 0.738888888888889 43 vae
10000 28 0.844444444444444 43 vae
10000 28 0.95 43 vae
10000 28 0 44 vae
10000 28 0.105555555555556 44 vae
10000 28 0.211111111111111 44 vae
10000 28 0.316666666666667 44 vae
10000 28 0.422222222222222 44 vae
10000 28 0.527777777777778 44 vae
10000 28 0.633333333333333 44 vae
10000 28 0.738888888888889 44 vae
10000 28 0.844444444444444 44 vae
10000 28 0.95 44 vae
10000 28 0 45 vae
10000 28 0.105555555555556 45 vae
10000 28 0.211111111111111 45 vae
10000 28 0.316666666666667 45 vae
10000 28 0.422222222222222 45 vae
10000 28 0.527777777777778 45 vae
10000 28 0.633333333333333 45 vae
10000 28 0.738888888888889 45 vae
10000 28 0.844444444444444 45 vae
10000 28 0.95 45 vae
10000 28 0 46 vae
10000 28 0.105555555555556 46 vae
10000 28 0.211111111111111 46 vae
10000 28 0.316666666666667 46 vae
10000 28 0.422222222222222 46 vae
10000 28 0.527777777777778 46 vae
10000 28 0.633333333333333 46 vae
10000 28 0.738888888888889 46 vae
10000 28 0.844444444444444 46 vae
10000 28 0.95 46 vae
10000 28 0 47 vae
10000 28 0.105555555555556 47 vae
10000 28 0.211111111111111 47 vae
10000 28 0.316666666666667 47 vae
10000 28 0.422222222222222 47 vae
10000 28 0.527777777777778 47 vae
10000 28 0.633333333333333 47 vae
10000 28 0.738888888888889 47 vae
10000 28 0.844444444444444 47 vae
10000 28 0.95 47 vae
10000 28 0 48 vae
10000 28 0.105555555555556 48 vae
10000 28 0.211111111111111 48 vae
10000 28 0.316666666666667 48 vae
10000 28 0.422222222222222 48 vae
10000 28 0.527777777777778 48 vae
10000 28 0.633333333333333 48 vae
10000 28 0.738888888888889 48 vae
10000 28 0.844444444444444 48 vae
10000 28 0.95 48 vae
10000 28 0 49 vae
10000 28 0.105555555555556 49 vae
10000 28 0.211111111111111 49 vae
10000 28 0.316666666666667 49 vae
10000 28 0.422222222222222 49 vae
10000 28 0.527777777777778 49 vae
10000 28 0.633333333333333 49 vae
10000 28 0.738888888888889 49 vae
10000 28 0.844444444444444 49 vae
10000 28 0.95 49 vae
10000 28 0 50 vae
10000 28 0.105555555555556 50 vae
10000 28 0.211111111111111 50 vae
10000 28 0.316666666666667 50 vae
10000 28 0.422222222222222 50 vae
10000 28 0.527777777777778 50 vae
10000 28 0.633333333333333 50 vae
10000 28 0.738888888888889 50 vae
10000 28 0.844444444444444 50 vae
10000 28 0.95 50 vae
10000 28 0 1 iwae
10000 28 0.105555555555556 1 iwae
10000 28 0.211111111111111 1 iwae
10000 28 0.316666666666667 1 iwae
10000 28 0.422222222222222 1 iwae
10000 28 0.527777777777778 1 iwae
10000 28 0.633333333333333 1 iwae
10000 28 0.738888888888889 1 iwae
10000 28 0.844444444444444 1 iwae
10000 28 0.95 1 iwae
10000 28 0 2 iwae
10000 28 0.105555555555556 2 iwae
10000 28 0.211111111111111 2 iwae
10000 28 0.316666666666667 2 iwae
10000 28 0.422222222222222 2 iwae
10000 28 0.527777777777778 2 iwae
10000 28 0.633333333333333 2 iwae
10000 28 0.738888888888889 2 iwae
10000 28 0.844444444444444 2 iwae
10000 28 0.95 2 iwae
10000 28 0 3 iwae
10000 28 0.105555555555556 3 iwae
10000 28 0.211111111111111 3 iwae
10000 28 0.316666666666667 3 iwae
10000 28 0.422222222222222 3 iwae
10000 28 0.527777777777778 3 iwae
10000 28 0.633333333333333 3 iwae
10000 28 0.738888888888889 3 iwae
10000 28 0.844444444444444 3 iwae
10000 28 0.95 3 iwae
10000 28 0 4 iwae
10000 28 0.105555555555556 4 iwae
10000 28 0.211111111111111 4 iwae
10000 28 0.316666666666667 4 iwae
10000 28 0.422222222222222 4 iwae
10000 28 0.527777777777778 4 iwae
10000 28 0.633333333333333 4 iwae
10000 28 0.738888888888889 4 iwae
10000 28 0.844444444444444 4 iwae
10000 28 0.95 4 iwae
10000 28 0 5 iwae
10000 28 0.105555555555556 5 iwae
10000 28 0.211111111111111 5 iwae
10000 28 0.316666666666667 5 iwae
10000 28 0.422222222222222 5 iwae
10000 28 0.527777777777778 5 iwae
10000 28 0.633333333333333 5 iwae
10000 28 0.738888888888889 5 iwae
10000 28 0.844444444444444 5 iwae
10000 28 0.95 5 iwae
10000 28 0 6 iwae
10000 28 0.105555555555556 6 iwae
10000 28 0.211111111111111 6 iwae
10000 28 0.316666666666667 6 iwae
10000 28 0.422222222222222 6 iwae
10000 28 0.527777777777778 6 iwae
10000 28 0.633333333333333 6 iwae
10000 28 0.738888888888889 6 iwae
10000 28 0.844444444444444 6 iwae
10000 28 0.95 6 iwae
10000 28 0 7 iwae
10000 28 0.105555555555556 7 iwae
10000 28 0.211111111111111 7 iwae
10000 28 0.316666666666667 7 iwae
10000 28 0.422222222222222 7 iwae
10000 28 0.527777777777778 7 iwae
10000 28 0.633333333333333 7 iwae
10000 28 0.738888888888889 7 iwae
10000 28 0.844444444444444 7 iwae
10000 28 0.95 7 iwae
10000 28 0 8 iwae
10000 28 0.105555555555556 8 iwae
10000 28 0.211111111111111 8 iwae
10000 28 0.316666666666667 8 iwae
10000 28 0.422222222222222 8 iwae
10000 28 0.527777777777778 8 iwae
10000 28 0.633333333333333 8 iwae
10000 28 0.738888888888889 8 iwae
10000 28 0.844444444444444 8 iwae
10000 28 0.95 8 iwae
10000 28 0 9 iwae
10000 28 0.105555555555556 9 iwae
10000 28 0.211111111111111 9 iwae
10000 28 0.316666666666667 9 iwae
10000 28 0.422222222222222 9 iwae
10000 28 0.527777777777778 9 iwae
10000 28 0.633333333333333 9 iwae
10000 28 0.738888888888889 9 iwae
10000 28 0.844444444444444 9 iwae
10000 28 0.95 9 iwae
10000 28 0 10 iwae
10000 28 0.105555555555556 10 iwae
10000 28 0.211111111111111 10 iwae
10000 28 0.316666666666667 10 iwae
10000 28 0.422222222222222 10 iwae
10000 28 0.527777777777778 10 iwae
10000 28 0.633333333333333 10 iwae
10000 28 0.738888888888889 10 iwae
10000 28 0.844444444444444 10 iwae
10000 28 0.95 10 iwae
10000 28 0 11 iwae
10000 28 0.105555555555556 11 iwae
10000 28 0.211111111111111 11 iwae
10000 28 0.316666666666667 11 iwae
10000 28 0.422222222222222 11 iwae
10000 28 0.527777777777778 11 iwae
10000 28 0.633333333333333 11 iwae
10000 28 0.738888888888889 11 iwae
10000 28 0.844444444444444 11 iwae
10000 28 0.95 11 iwae
10000 28 0 12 iwae
10000 28 0.105555555555556 12 iwae
10000 28 0.211111111111111 12 iwae
10000 28 0.316666666666667 12 iwae
10000 28 0.422222222222222 12 iwae
10000 28 0.527777777777778 12 iwae
10000 28 0.633333333333333 12 iwae
10000 28 0.738888888888889 12 iwae
10000 28 0.844444444444444 12 iwae
10000 28 0.95 12 iwae
10000 28 0 13 iwae
10000 28 0.105555555555556 13 iwae
10000 28 0.211111111111111 13 iwae
10000 28 0.316666666666667 13 iwae
10000 28 0.422222222222222 13 iwae
10000 28 0.527777777777778 13 iwae
10000 28 0.633333333333333 13 iwae
10000 28 0.738888888888889 13 iwae
10000 28 0.844444444444444 13 iwae
10000 28 0.95 13 iwae
10000 28 0 14 iwae
10000 28 0.105555555555556 14 iwae
10000 28 0.211111111111111 14 iwae
10000 28 0.316666666666667 14 iwae
10000 28 0.422222222222222 14 iwae
10000 28 0.527777777777778 14 iwae
10000 28 0.633333333333333 14 iwae
10000 28 0.738888888888889 14 iwae
10000 28 0.844444444444444 14 iwae
10000 28 0.95 14 iwae
10000 28 0 15 iwae
10000 28 0.105555555555556 15 iwae
10000 28 0.211111111111111 15 iwae
10000 28 0.316666666666667 15 iwae
10000 28 0.422222222222222 15 iwae
10000 28 0.527777777777778 15 iwae
10000 28 0.633333333333333 15 iwae
10000 28 0.738888888888889 15 iwae
10000 28 0.844444444444444 15 iwae
10000 28 0.95 15 iwae
10000 28 0 16 iwae
10000 28 0.105555555555556 16 iwae
10000 28 0.211111111111111 16 iwae
10000 28 0.316666666666667 16 iwae
10000 28 0.422222222222222 16 iwae
10000 28 0.527777777777778 16 iwae
10000 28 0.633333333333333 16 iwae
10000 28 0.738888888888889 16 iwae
10000 28 0.844444444444444 16 iwae
10000 28 0.95 16 iwae
10000 28 0 17 iwae
10000 28 0.105555555555556 17 iwae
10000 28 0.211111111111111 17 iwae
10000 28 0.316666666666667 17 iwae
10000 28 0.422222222222222 17 iwae
10000 28 0.527777777777778 17 iwae
10000 28 0.633333333333333 17 iwae
10000 28 0.738888888888889 17 iwae
10000 28 0.844444444444444 17 iwae
10000 28 0.95 17 iwae
10000 28 0 18 iwae
10000 28 0.105555555555556 18 iwae
10000 28 0.211111111111111 18 iwae
10000 28 0.316666666666667 18 iwae
10000 28 0.422222222222222 18 iwae
10000 28 0.527777777777778 18 iwae
10000 28 0.633333333333333 18 iwae
10000 28 0.738888888888889 18 iwae
10000 28 0.844444444444444 18 iwae
10000 28 0.95 18 iwae
10000 28 0 19 iwae
10000 28 0.105555555555556 19 iwae
10000 28 0.211111111111111 19 iwae
10000 28 0.316666666666667 19 iwae
10000 28 0.422222222222222 19 iwae
10000 28 0.527777777777778 19 iwae
10000 28 0.633333333333333 19 iwae
10000 28 0.738888888888889 19 iwae
10000 28 0.844444444444444 19 iwae
10000 28 0.95 19 iwae
10000 28 0 20 iwae
10000 28 0.105555555555556 20 iwae
10000 28 0.211111111111111 20 iwae
10000 28 0.316666666666667 20 iwae
10000 28 0.422222222222222 20 iwae
10000 28 0.527777777777778 20 iwae
10000 28 0.633333333333333 20 iwae
10000 28 0.738888888888889 20 iwae
10000 28 0.844444444444444 20 iwae
10000 28 0.95 20 iwae
10000 28 0 21 iwae
10000 28 0.105555555555556 21 iwae
10000 28 0.211111111111111 21 iwae
10000 28 0.316666666666667 21 iwae
10000 28 0.422222222222222 21 iwae
10000 28 0.527777777777778 21 iwae
10000 28 0.633333333333333 21 iwae
10000 28 0.738888888888889 21 iwae
10000 28 0.844444444444444 21 iwae
10000 28 0.95 21 iwae
10000 28 0 22 iwae
10000 28 0.105555555555556 22 iwae
10000 28 0.211111111111111 22 iwae
10000 28 0.316666666666667 22 iwae
10000 28 0.422222222222222 22 iwae
10000 28 0.527777777777778 22 iwae
10000 28 0.633333333333333 22 iwae
10000 28 0.738888888888889 22 iwae
10000 28 0.844444444444444 22 iwae
10000 28 0.95 22 iwae
10000 28 0 23 iwae
10000 28 0.105555555555556 23 iwae
10000 28 0.211111111111111 23 iwae
10000 28 0.316666666666667 23 iwae
10000 28 0.422222222222222 23 iwae
10000 28 0.527777777777778 23 iwae
10000 28 0.633333333333333 23 iwae
10000 28 0.738888888888889 23 iwae
10000 28 0.844444444444444 23 iwae
10000 28 0.95 23 iwae
10000 28 0 24 iwae
10000 28 0.105555555555556 24 iwae
10000 28 0.211111111111111 24 iwae
10000 28 0.316666666666667 24 iwae
10000 28 0.422222222222222 24 iwae
10000 28 0.527777777777778 24 iwae
10000 28 0.633333333333333 24 iwae
10000 28 0.738888888888889 24 iwae
10000 28 0.844444444444444 24 iwae
10000 28 0.95 24 iwae
10000 28 0 25 iwae
10000 28 0.105555555555556 25 iwae
10000 28 0.211111111111111 25 iwae
10000 28 0.316666666666667 25 iwae
10000 28 0.422222222222222 25 iwae
10000 28 0.527777777777778 25 iwae
10000 28 0.633333333333333 25 iwae
10000 28 0.738888888888889 25 iwae
10000 28 0.844444444444444 25 iwae
10000 28 0.95 25 iwae
10000 28 0 26 iwae
10000 28 0.105555555555556 26 iwae
10000 28 0.211111111111111 26 iwae
10000 28 0.316666666666667 26 iwae
10000 28 0.422222222222222 26 iwae
10000 28 0.527777777777778 26 iwae
10000 28 0.633333333333333 26 iwae
10000 28 0.738888888888889 26 iwae
10000 28 0.844444444444444 26 iwae
10000 28 0.95 26 iwae
10000 28 0 27 iwae
10000 28 0.105555555555556 27 iwae
10000 28 0.211111111111111 27 iwae
10000 28 0.316666666666667 27 iwae
10000 28 0.422222222222222 27 iwae
10000 28 0.527777777777778 27 iwae
10000 28 0.633333333333333 27 iwae
10000 28 0.738888888888889 27 iwae
10000 28 0.844444444444444 27 iwae
10000 28 0.95 27 iwae
10000 28 0 28 iwae
10000 28 0.105555555555556 28 iwae
10000 28 0.211111111111111 28 iwae
10000 28 0.316666666666667 28 iwae
10000 28 0.422222222222222 28 iwae
10000 28 0.527777777777778 28 iwae
10000 28 0.633333333333333 28 iwae
10000 28 0.738888888888889 28 iwae
10000 28 0.844444444444444 28 iwae
10000 28 0.95 28 iwae
10000 28 0 29 iwae
10000 28 0.105555555555556 29 iwae
10000 28 0.211111111111111 29 iwae
10000 28 0.316666666666667 29 iwae
10000 28 0.422222222222222 29 iwae
10000 28 0.527777777777778 29 iwae
10000 28 0.633333333333333 29 iwae
10000 28 0.738888888888889 29 iwae
10000 28 0.844444444444444 29 iwae
10000 28 0.95 29 iwae
10000 28 0 30 iwae
10000 28 0.105555555555556 30 iwae
10000 28 0.211111111111111 30 iwae
10000 28 0.316666666666667 30 iwae
10000 28 0.422222222222222 30 iwae
10000 28 0.527777777777778 30 iwae
10000 28 0.633333333333333 30 iwae
10000 28 0.738888888888889 30 iwae
10000 28 0.844444444444444 30 iwae
10000 28 0.95 30 iwae
10000 28 0 31 iwae
10000 28 0.105555555555556 31 iwae
10000 28 0.211111111111111 31 iwae
10000 28 0.316666666666667 31 iwae
10000 28 0.422222222222222 31 iwae
10000 28 0.527777777777778 31 iwae
10000 28 0.633333333333333 31 iwae
10000 28 0.738888888888889 31 iwae
10000 28 0.844444444444444 31 iwae
10000 28 0.95 31 iwae
10000 28 0 32 iwae
10000 28 0.105555555555556 32 iwae
10000 28 0.211111111111111 32 iwae
10000 28 0.316666666666667 32 iwae
10000 28 0.422222222222222 32 iwae
10000 28 0.527777777777778 32 iwae
10000 28 0.633333333333333 32 iwae
10000 28 0.738888888888889 32 iwae
10000 28 0.844444444444444 32 iwae
10000 28 0.95 32 iwae
10000 28 0 33 iwae
10000 28 0.105555555555556 33 iwae
10000 28 0.211111111111111 33 iwae
10000 28 0.316666666666667 33 iwae
10000 28 0.422222222222222 33 iwae
10000 28 0.527777777777778 33 iwae
10000 28 0.633333333333333 33 iwae
10000 28 0.738888888888889 33 iwae
10000 28 0.844444444444444 33 iwae
10000 28 0.95 33 iwae
10000 28 0 34 iwae
10000 28 0.105555555555556 34 iwae
10000 28 0.211111111111111 34 iwae
10000 28 0.316666666666667 34 iwae
10000 28 0.422222222222222 34 iwae
10000 28 0.527777777777778 34 iwae
10000 28 0.633333333333333 34 iwae
10000 28 0.738888888888889 34 iwae
10000 28 0.844444444444444 34 iwae
10000 28 0.95 34 iwae
10000 28 0 35 iwae
10000 28 0.105555555555556 35 iwae
10000 28 0.211111111111111 35 iwae
10000 28 0.316666666666667 35 iwae
10000 28 0.422222222222222 35 iwae
10000 28 0.527777777777778 35 iwae
10000 28 0.633333333333333 35 iwae
10000 28 0.738888888888889 35 iwae
10000 28 0.844444444444444 35 iwae
10000 28 0.95 35 iwae
10000 28 0 36 iwae
10000 28 0.105555555555556 36 iwae
10000 28 0.211111111111111 36 iwae
10000 28 0.316666666666667 36 iwae
10000 28 0.422222222222222 36 iwae
10000 28 0.527777777777778 36 iwae
10000 28 0.633333333333333 36 iwae
10000 28 0.738888888888889 36 iwae
10000 28 0.844444444444444 36 iwae
10000 28 0.95 36 iwae
10000 28 0 37 iwae
10000 28 0.105555555555556 37 iwae
10000 28 0.211111111111111 37 iwae
10000 28 0.316666666666667 37 iwae
10000 28 0.422222222222222 37 iwae
10000 28 0.527777777777778 37 iwae
10000 28 0.633333333333333 37 iwae
10000 28 0.738888888888889 37 iwae
10000 28 0.844444444444444 37 iwae
10000 28 0.95 37 iwae
10000 28 0 38 iwae
10000 28 0.105555555555556 38 iwae
10000 28 0.211111111111111 38 iwae
10000 28 0.316666666666667 38 iwae
10000 28 0.422222222222222 38 iwae
10000 28 0.527777777777778 38 iwae
10000 28 0.633333333333333 38 iwae
10000 28 0.738888888888889 38 iwae
10000 28 0.844444444444444 38 iwae
10000 28 0.95 38 iwae
10000 28 0 39 iwae
10000 28 0.105555555555556 39 iwae
10000 28 0.211111111111111 39 iwae
10000 28 0.316666666666667 39 iwae
10000 28 0.422222222222222 39 iwae
10000 28 0.527777777777778 39 iwae
10000 28 0.633333333333333 39 iwae
10000 28 0.738888888888889 39 iwae
10000 28 0.844444444444444 39 iwae
10000 28 0.95 39 iwae
10000 28 0 40 iwae
10000 28 0.105555555555556 40 iwae
10000 28 0.211111111111111 40 iwae
10000 28 0.316666666666667 40 iwae
10000 28 0.422222222222222 40 iwae
10000 28 0.527777777777778 40 iwae
10000 28 0.633333333333333 40 iwae
10000 28 0.738888888888889 40 iwae
10000 28 0.844444444444444 40 iwae
10000 28 0.95 40 iwae
10000 28 0 41 iwae
10000 28 0.105555555555556 41 iwae
10000 28 0.211111111111111 41 iwae
10000 28 0.316666666666667 41 iwae
10000 28 0.422222222222222 41 iwae
10000 28 0.527777777777778 41 iwae
10000 28 0.633333333333333 41 iwae
10000 28 0.738888888888889 41 iwae
10000 28 0.844444444444444 41 iwae
10000 28 0.95 41 iwae
10000 28 0 42 iwae
10000 28 0.105555555555556 42 iwae
10000 28 0.211111111111111 42 iwae
10000 28 0.316666666666667 42 iwae
10000 28 0.422222222222222 42 iwae
10000 28 0.527777777777778 42 iwae
10000 28 0.633333333333333 42 iwae
10000 28 0.738888888888889 42 iwae
10000 28 0.844444444444444 42 iwae
10000 28 0.95 42 iwae
10000 28 0 43 iwae
10000 28 0.105555555555556 43 iwae
10000 28 0.211111111111111 43 iwae
10000 28 0.316666666666667 43 iwae
10000 28 0.422222222222222 43 iwae
10000 28 0.527777777777778 43 iwae
10000 28 0.633333333333333 43 iwae
10000 28 0.738888888888889 43 iwae
10000 28 0.844444444444444 43 iwae
10000 28 0.95 43 iwae
10000 28 0 44 iwae
10000 28 0.105555555555556 44 iwae
10000 28 0.211111111111111 44 iwae
10000 28 0.316666666666667 44 iwae
10000 28 0.422222222222222 44 iwae
10000 28 0.527777777777778 44 iwae
10000 28 0.633333333333333 44 iwae
10000 28 0.738888888888889 44 iwae
10000 28 0.844444444444444 44 iwae
10000 28 0.95 44 iwae
10000 28 0 45 iwae
10000 28 0.105555555555556 45 iwae
10000 28 0.211111111111111 45 iwae
10000 28 0.316666666666667 45 iwae
10000 28 0.422222222222222 45 iwae
10000 28 0.527777777777778 45 iwae
10000 28 0.633333333333333 45 iwae
10000 28 0.738888888888889 45 iwae
10000 28 0.844444444444444 45 iwae
10000 28 0.95 45 iwae
10000 28 0 46 iwae
10000 28 0.105555555555556 46 iwae
10000 28 0.211111111111111 46 iwae
10000 28 0.316666666666667 46 iwae
10000 28 0.422222222222222 46 iwae
10000 28 0.527777777777778 46 iwae
10000 28 0.633333333333333 46 iwae
10000 28 0.738888888888889 46 iwae
10000 28 0.844444444444444 46 iwae
10000 28 0.95 46 iwae
10000 28 0 47 iwae
10000 28 0.105555555555556 47 iwae
10000 28 0.211111111111111 47 iwae
10000 28 0.316666666666667 47 iwae
10000 28 0.422222222222222 47 iwae
10000 28 0.527777777777778 47 iwae
10000 28 0.633333333333333 47 iwae
10000 28 0.738888888888889 47 iwae
10000 28 0.844444444444444 47 iwae
10000 28 0.95 47 iwae
10000 28 0 48 iwae
10000 28 0.105555555555556 48 iwae
10000 28 0.211111111111111 48 iwae
10000 28 0.316666666666667 48 iwae
10000 28 0.422222222222222 48 iwae
10000 28 0.527777777777778 48 iwae
10000 28 0.633333333333333 48 iwae
10000 28 0.738888888888889 48 iwae
10000 28 0.844444444444444 48 iwae
10000 28 0.95 48 iwae
10000 28 0 49 iwae
10000 28 0.105555555555556 49 iwae
10000 28 0.211111111111111 49 iwae
10000 28 0.316666666666667 49 iwae
10000 28 0.422222222222222 49 iwae
10000 28 0.527777777777778 49 iwae
10000 28 0.633333333333333 49 iwae
10000 28 0.738888888888889 49 iwae
10000 28 0.844444444444444 49 iwae
10000 28 0.95 49 iwae
10000 28 0 50 iwae
10000 28 0.105555555555556 50 iwae
10000 28 0.211111111111111 50 iwae
10000 28 0.316666666666667 50 iwae
10000 28 0.422222222222222 50 iwae
10000 28 0.527777777777778 50 iwae
10000 28 0.633333333333333 50 iwae
10000 28 0.738888888888889 50 iwae
10000 28 0.844444444444444 50 iwae
10000 28 0.95 50 iwae
10000 28 0 1 ivae
10000 28 0.105555555555556 1 ivae
10000 28 0.211111111111111 1 ivae
10000 28 0.316666666666667 1 ivae
10000 28 0.422222222222222 1 ivae
10000 28 0.527777777777778 1 ivae
10000 28 0.633333333333333 1 ivae
10000 28 0.738888888888889 1 ivae
10000 28 0.844444444444444 1 ivae
10000 28 0.95 1 ivae
10000 28 0 2 ivae
10000 28 0.105555555555556 2 ivae
10000 28 0.211111111111111 2 ivae
10000 28 0.316666666666667 2 ivae
10000 28 0.422222222222222 2 ivae
10000 28 0.527777777777778 2 ivae
10000 28 0.633333333333333 2 ivae
10000 28 0.738888888888889 2 ivae
10000 28 0.844444444444444 2 ivae
10000 28 0.95 2 ivae
10000 28 0 3 ivae
10000 28 0.105555555555556 3 ivae
10000 28 0.211111111111111 3 ivae
10000 28 0.316666666666667 3 ivae
10000 28 0.422222222222222 3 ivae
10000 28 0.527777777777778 3 ivae
10000 28 0.633333333333333 3 ivae
10000 28 0.738888888888889 3 ivae
10000 28 0.844444444444444 3 ivae
10000 28 0.95 3 ivae
10000 28 0 4 ivae
10000 28 0.105555555555556 4 ivae
10000 28 0.211111111111111 4 ivae
10000 28 0.316666666666667 4 ivae
10000 28 0.422222222222222 4 ivae
10000 28 0.527777777777778 4 ivae
10000 28 0.633333333333333 4 ivae
10000 28 0.738888888888889 4 ivae
10000 28 0.844444444444444 4 ivae
10000 28 0.95 4 ivae
10000 28 0 5 ivae
10000 28 0.105555555555556 5 ivae
10000 28 0.211111111111111 5 ivae
10000 28 0.316666666666667 5 ivae
10000 28 0.422222222222222 5 ivae
10000 28 0.527777777777778 5 ivae
10000 28 0.633333333333333 5 ivae
10000 28 0.738888888888889 5 ivae
10000 28 0.844444444444444 5 ivae
10000 28 0.95 5 ivae
10000 28 0 6 ivae
10000 28 0.105555555555556 6 ivae
10000 28 0.211111111111111 6 ivae
10000 28 0.316666666666667 6 ivae
10000 28 0.422222222222222 6 ivae
10000 28 0.527777777777778 6 ivae
10000 28 0.633333333333333 6 ivae
10000 28 0.738888888888889 6 ivae
10000 28 0.844444444444444 6 ivae
10000 28 0.95 6 ivae
10000 28 0 7 ivae
10000 28 0.105555555555556 7 ivae
10000 28 0.211111111111111 7 ivae
10000 28 0.316666666666667 7 ivae
10000 28 0.422222222222222 7 ivae
10000 28 0.527777777777778 7 ivae
10000 28 0.633333333333333 7 ivae
10000 28 0.738888888888889 7 ivae
10000 28 0.844444444444444 7 ivae
10000 28 0.95 7 ivae
10000 28 0 8 ivae
10000 28 0.105555555555556 8 ivae
10000 28 0.211111111111111 8 ivae
10000 28 0.316666666666667 8 ivae
10000 28 0.422222222222222 8 ivae
10000 28 0.527777777777778 8 ivae
10000 28 0.633333333333333 8 ivae
10000 28 0.738888888888889 8 ivae
10000 28 0.844444444444444 8 ivae
10000 28 0.95 8 ivae
10000 28 0 9 ivae
10000 28 0.105555555555556 9 ivae
10000 28 0.211111111111111 9 ivae
10000 28 0.316666666666667 9 ivae
10000 28 0.422222222222222 9 ivae
10000 28 0.527777777777778 9 ivae
10000 28 0.633333333333333 9 ivae
10000 28 0.738888888888889 9 ivae
10000 28 0.844444444444444 9 ivae
10000 28 0.95 9 ivae
10000 28 0 10 ivae
10000 28 0.105555555555556 10 ivae
10000 28 0.211111111111111 10 ivae
10000 28 0.316666666666667 10 ivae
10000 28 0.422222222222222 10 ivae
10000 28 0.527777777777778 10 ivae
10000 28 0.633333333333333 10 ivae
10000 28 0.738888888888889 10 ivae
10000 28 0.844444444444444 10 ivae
10000 28 0.95 10 ivae
10000 28 0 11 ivae
10000 28 0.105555555555556 11 ivae
10000 28 0.211111111111111 11 ivae
10000 28 0.316666666666667 11 ivae
10000 28 0.422222222222222 11 ivae
10000 28 0.527777777777778 11 ivae
10000 28 0.633333333333333 11 ivae
10000 28 0.738888888888889 11 ivae
10000 28 0.844444444444444 11 ivae
10000 28 0.95 11 ivae
10000 28 0 12 ivae
10000 28 0.105555555555556 12 ivae
10000 28 0.211111111111111 12 ivae
10000 28 0.316666666666667 12 ivae
10000 28 0.422222222222222 12 ivae
10000 28 0.527777777777778 12 ivae
10000 28 0.633333333333333 12 ivae
10000 28 0.738888888888889 12 ivae
10000 28 0.844444444444444 12 ivae
10000 28 0.95 12 ivae
10000 28 0 13 ivae
10000 28 0.105555555555556 13 ivae
10000 28 0.211111111111111 13 ivae
10000 28 0.316666666666667 13 ivae
10000 28 0.422222222222222 13 ivae
10000 28 0.527777777777778 13 ivae
10000 28 0.633333333333333 13 ivae
10000 28 0.738888888888889 13 ivae
10000 28 0.844444444444444 13 ivae
10000 28 0.95 13 ivae
10000 28 0 14 ivae
10000 28 0.105555555555556 14 ivae
10000 28 0.211111111111111 14 ivae
10000 28 0.316666666666667 14 ivae
10000 28 0.422222222222222 14 ivae
10000 28 0.527777777777778 14 ivae
10000 28 0.633333333333333 14 ivae
10000 28 0.738888888888889 14 ivae
10000 28 0.844444444444444 14 ivae
10000 28 0.95 14 ivae
10000 28 0 15 ivae
10000 28 0.105555555555556 15 ivae
10000 28 0.211111111111111 15 ivae
10000 28 0.316666666666667 15 ivae
10000 28 0.422222222222222 15 ivae
10000 28 0.527777777777778 15 ivae
10000 28 0.633333333333333 15 ivae
10000 28 0.738888888888889 15 ivae
10000 28 0.844444444444444 15 ivae
10000 28 0.95 15 ivae
10000 28 0 16 ivae
10000 28 0.105555555555556 16 ivae
10000 28 0.211111111111111 16 ivae
10000 28 0.316666666666667 16 ivae
10000 28 0.422222222222222 16 ivae
10000 28 0.527777777777778 16 ivae
10000 28 0.633333333333333 16 ivae
10000 28 0.738888888888889 16 ivae
10000 28 0.844444444444444 16 ivae
10000 28 0.95 16 ivae
10000 28 0 17 ivae
10000 28 0.105555555555556 17 ivae
10000 28 0.211111111111111 17 ivae
10000 28 0.316666666666667 17 ivae
10000 28 0.422222222222222 17 ivae
10000 28 0.527777777777778 17 ivae
10000 28 0.633333333333333 17 ivae
10000 28 0.738888888888889 17 ivae
10000 28 0.844444444444444 17 ivae
10000 28 0.95 17 ivae
10000 28 0 18 ivae
10000 28 0.105555555555556 18 ivae
10000 28 0.211111111111111 18 ivae
10000 28 0.316666666666667 18 ivae
10000 28 0.422222222222222 18 ivae
10000 28 0.527777777777778 18 ivae
10000 28 0.633333333333333 18 ivae
10000 28 0.738888888888889 18 ivae
10000 28 0.844444444444444 18 ivae
10000 28 0.95 18 ivae
10000 28 0 19 ivae
10000 28 0.105555555555556 19 ivae
10000 28 0.211111111111111 19 ivae
10000 28 0.316666666666667 19 ivae
10000 28 0.422222222222222 19 ivae
10000 28 0.527777777777778 19 ivae
10000 28 0.633333333333333 19 ivae
10000 28 0.738888888888889 19 ivae
10000 28 0.844444444444444 19 ivae
10000 28 0.95 19 ivae
10000 28 0 20 ivae
10000 28 0.105555555555556 20 ivae
10000 28 0.211111111111111 20 ivae
10000 28 0.316666666666667 20 ivae
10000 28 0.422222222222222 20 ivae
10000 28 0.527777777777778 20 ivae
10000 28 0.633333333333333 20 ivae
10000 28 0.738888888888889 20 ivae
10000 28 0.844444444444444 20 ivae
10000 28 0.95 20 ivae
10000 28 0 21 ivae
10000 28 0.105555555555556 21 ivae
10000 28 0.211111111111111 21 ivae
10000 28 0.316666666666667 21 ivae
10000 28 0.422222222222222 21 ivae
10000 28 0.527777777777778 21 ivae
10000 28 0.633333333333333 21 ivae
10000 28 0.738888888888889 21 ivae
10000 28 0.844444444444444 21 ivae
10000 28 0.95 21 ivae
10000 28 0 22 ivae
10000 28 0.105555555555556 22 ivae
10000 28 0.211111111111111 22 ivae
10000 28 0.316666666666667 22 ivae
10000 28 0.422222222222222 22 ivae
10000 28 0.527777777777778 22 ivae
10000 28 0.633333333333333 22 ivae
10000 28 0.738888888888889 22 ivae
10000 28 0.844444444444444 22 ivae
10000 28 0.95 22 ivae
10000 28 0 23 ivae
10000 28 0.105555555555556 23 ivae
10000 28 0.211111111111111 23 ivae
10000 28 0.316666666666667 23 ivae
10000 28 0.422222222222222 23 ivae
10000 28 0.527777777777778 23 ivae
10000 28 0.633333333333333 23 ivae
10000 28 0.738888888888889 23 ivae
10000 28 0.844444444444444 23 ivae
10000 28 0.95 23 ivae
10000 28 0 24 ivae
10000 28 0.105555555555556 24 ivae
10000 28 0.211111111111111 24 ivae
10000 28 0.316666666666667 24 ivae
10000 28 0.422222222222222 24 ivae
10000 28 0.527777777777778 24 ivae
10000 28 0.633333333333333 24 ivae
10000 28 0.738888888888889 24 ivae
10000 28 0.844444444444444 24 ivae
10000 28 0.95 24 ivae
10000 28 0 25 ivae
10000 28 0.105555555555556 25 ivae
10000 28 0.211111111111111 25 ivae
10000 28 0.316666666666667 25 ivae
10000 28 0.422222222222222 25 ivae
10000 28 0.527777777777778 25 ivae
10000 28 0.633333333333333 25 ivae
10000 28 0.738888888888889 25 ivae
10000 28 0.844444444444444 25 ivae
10000 28 0.95 25 ivae
10000 28 0 26 ivae
10000 28 0.105555555555556 26 ivae
10000 28 0.211111111111111 26 ivae
10000 28 0.316666666666667 26 ivae
10000 28 0.422222222222222 26 ivae
10000 28 0.527777777777778 26 ivae
10000 28 0.633333333333333 26 ivae
10000 28 0.738888888888889 26 ivae
10000 28 0.844444444444444 26 ivae
10000 28 0.95 26 ivae
10000 28 0 27 ivae
10000 28 0.105555555555556 27 ivae
10000 28 0.211111111111111 27 ivae
10000 28 0.316666666666667 27 ivae
10000 28 0.422222222222222 27 ivae
10000 28 0.527777777777778 27 ivae
10000 28 0.633333333333333 27 ivae
10000 28 0.738888888888889 27 ivae
10000 28 0.844444444444444 27 ivae
10000 28 0.95 27 ivae
10000 28 0 28 ivae
10000 28 0.105555555555556 28 ivae
10000 28 0.211111111111111 28 ivae
10000 28 0.316666666666667 28 ivae
10000 28 0.422222222222222 28 ivae
10000 28 0.527777777777778 28 ivae
10000 28 0.633333333333333 28 ivae
10000 28 0.738888888888889 28 ivae
10000 28 0.844444444444444 28 ivae
10000 28 0.95 28 ivae
10000 28 0 29 ivae
10000 28 0.105555555555556 29 ivae
10000 28 0.211111111111111 29 ivae
10000 28 0.316666666666667 29 ivae
10000 28 0.422222222222222 29 ivae
10000 28 0.527777777777778 29 ivae
10000 28 0.633333333333333 29 ivae
10000 28 0.738888888888889 29 ivae
10000 28 0.844444444444444 29 ivae
10000 28 0.95 29 ivae
10000 28 0 30 ivae
10000 28 0.105555555555556 30 ivae
10000 28 0.211111111111111 30 ivae
10000 28 0.316666666666667 30 ivae
10000 28 0.422222222222222 30 ivae
10000 28 0.527777777777778 30 ivae
10000 28 0.633333333333333 30 ivae
10000 28 0.738888888888889 30 ivae
10000 28 0.844444444444444 30 ivae
10000 28 0.95 30 ivae
10000 28 0 31 ivae
10000 28 0.105555555555556 31 ivae
10000 28 0.211111111111111 31 ivae
10000 28 0.316666666666667 31 ivae
10000 28 0.422222222222222 31 ivae
10000 28 0.527777777777778 31 ivae
10000 28 0.633333333333333 31 ivae
10000 28 0.738888888888889 31 ivae
10000 28 0.844444444444444 31 ivae
10000 28 0.95 31 ivae
10000 28 0 32 ivae
10000 28 0.105555555555556 32 ivae
10000 28 0.211111111111111 32 ivae
10000 28 0.316666666666667 32 ivae
10000 28 0.422222222222222 32 ivae
10000 28 0.527777777777778 32 ivae
10000 28 0.633333333333333 32 ivae
10000 28 0.738888888888889 32 ivae
10000 28 0.844444444444444 32 ivae
10000 28 0.95 32 ivae
10000 28 0 33 ivae
10000 28 0.105555555555556 33 ivae
10000 28 0.211111111111111 33 ivae
10000 28 0.316666666666667 33 ivae
10000 28 0.422222222222222 33 ivae
10000 28 0.527777777777778 33 ivae
10000 28 0.633333333333333 33 ivae
10000 28 0.738888888888889 33 ivae
10000 28 0.844444444444444 33 ivae
10000 28 0.95 33 ivae
10000 28 0 34 ivae
10000 28 0.105555555555556 34 ivae
10000 28 0.211111111111111 34 ivae
10000 28 0.316666666666667 34 ivae
10000 28 0.422222222222222 34 ivae
10000 28 0.527777777777778 34 ivae
10000 28 0.633333333333333 34 ivae
10000 28 0.738888888888889 34 ivae
10000 28 0.844444444444444 34 ivae
10000 28 0.95 34 ivae
10000 28 0 35 ivae
10000 28 0.105555555555556 35 ivae
10000 28 0.211111111111111 35 ivae
10000 28 0.316666666666667 35 ivae
10000 28 0.422222222222222 35 ivae
10000 28 0.527777777777778 35 ivae
10000 28 0.633333333333333 35 ivae
10000 28 0.738888888888889 35 ivae
10000 28 0.844444444444444 35 ivae
10000 28 0.95 35 ivae
10000 28 0 36 ivae
10000 28 0.105555555555556 36 ivae
10000 28 0.211111111111111 36 ivae
10000 28 0.316666666666667 36 ivae
10000 28 0.422222222222222 36 ivae
10000 28 0.527777777777778 36 ivae
10000 28 0.633333333333333 36 ivae
10000 28 0.738888888888889 36 ivae
10000 28 0.844444444444444 36 ivae
10000 28 0.95 36 ivae
10000 28 0 37 ivae
10000 28 0.105555555555556 37 ivae
10000 28 0.211111111111111 37 ivae
10000 28 0.316666666666667 37 ivae
10000 28 0.422222222222222 37 ivae
10000 28 0.527777777777778 37 ivae
10000 28 0.633333333333333 37 ivae
10000 28 0.738888888888889 37 ivae
10000 28 0.844444444444444 37 ivae
10000 28 0.95 37 ivae
10000 28 0 38 ivae
10000 28 0.105555555555556 38 ivae
10000 28 0.211111111111111 38 ivae
10000 28 0.316666666666667 38 ivae
10000 28 0.422222222222222 38 ivae
10000 28 0.527777777777778 38 ivae
10000 28 0.633333333333333 38 ivae
10000 28 0.738888888888889 38 ivae
10000 28 0.844444444444444 38 ivae
10000 28 0.95 38 ivae
10000 28 0 39 ivae
10000 28 0.105555555555556 39 ivae
10000 28 0.211111111111111 39 ivae
10000 28 0.316666666666667 39 ivae
10000 28 0.422222222222222 39 ivae
10000 28 0.527777777777778 39 ivae
10000 28 0.633333333333333 39 ivae
10000 28 0.738888888888889 39 ivae
10000 28 0.844444444444444 39 ivae
10000 28 0.95 39 ivae
10000 28 0 40 ivae
10000 28 0.105555555555556 40 ivae
10000 28 0.211111111111111 40 ivae
10000 28 0.316666666666667 40 ivae
10000 28 0.422222222222222 40 ivae
10000 28 0.527777777777778 40 ivae
10000 28 0.633333333333333 40 ivae
10000 28 0.738888888888889 40 ivae
10000 28 0.844444444444444 40 ivae
10000 28 0.95 40 ivae
10000 28 0 41 ivae
10000 28 0.105555555555556 41 ivae
10000 28 0.211111111111111 41 ivae
10000 28 0.316666666666667 41 ivae
10000 28 0.422222222222222 41 ivae
10000 28 0.527777777777778 41 ivae
10000 28 0.633333333333333 41 ivae
10000 28 0.738888888888889 41 ivae
10000 28 0.844444444444444 41 ivae
10000 28 0.95 41 ivae
10000 28 0 42 ivae
10000 28 0.105555555555556 42 ivae
10000 28 0.211111111111111 42 ivae
10000 28 0.316666666666667 42 ivae
10000 28 0.422222222222222 42 ivae
10000 28 0.527777777777778 42 ivae
10000 28 0.633333333333333 42 ivae
10000 28 0.738888888888889 42 ivae
10000 28 0.844444444444444 42 ivae
10000 28 0.95 42 ivae
10000 28 0 43 ivae
10000 28 0.105555555555556 43 ivae
10000 28 0.211111111111111 43 ivae
10000 28 0.316666666666667 43 ivae
10000 28 0.422222222222222 43 ivae
10000 28 0.527777777777778 43 ivae
10000 28 0.633333333333333 43 ivae
10000 28 0.738888888888889 43 ivae
10000 28 0.844444444444444 43 ivae
10000 28 0.95 43 ivae
10000 28 0 44 ivae
10000 28 0.105555555555556 44 ivae
10000 28 0.211111111111111 44 ivae
10000 28 0.316666666666667 44 ivae
10000 28 0.422222222222222 44 ivae
10000 28 0.527777777777778 44 ivae
10000 28 0.633333333333333 44 ivae
10000 28 0.738888888888889 44 ivae
10000 28 0.844444444444444 44 ivae
10000 28 0.95 44 ivae
10000 28 0 45 ivae
10000 28 0.105555555555556 45 ivae
10000 28 0.211111111111111 45 ivae
10000 28 0.316666666666667 45 ivae
10000 28 0.422222222222222 45 ivae
10000 28 0.527777777777778 45 ivae
10000 28 0.633333333333333 45 ivae
10000 28 0.738888888888889 45 ivae
10000 28 0.844444444444444 45 ivae
10000 28 0.95 45 ivae
10000 28 0 46 ivae
10000 28 0.105555555555556 46 ivae
10000 28 0.211111111111111 46 ivae
10000 28 0.316666666666667 46 ivae
10000 28 0.422222222222222 46 ivae
10000 28 0.527777777777778 46 ivae
10000 28 0.633333333333333 46 ivae
10000 28 0.738888888888889 46 ivae
10000 28 0.844444444444444 46 ivae
10000 28 0.95 46 ivae
10000 28 0 47 ivae
10000 28 0.105555555555556 47 ivae
10000 28 0.211111111111111 47 ivae
10000 28 0.316666666666667 47 ivae
10000 28 0.422222222222222 47 ivae
10000 28 0.527777777777778 47 ivae
10000 28 0.633333333333333 47 ivae
10000 28 0.738888888888889 47 ivae
10000 28 0.844444444444444 47 ivae
10000 28 0.95 47 ivae
10000 28 0 48 ivae
10000 28 0.105555555555556 48 ivae
10000 28 0.211111111111111 48 ivae
10000 28 0.316666666666667 48 ivae
10000 28 0.422222222222222 48 ivae
10000 28 0.527777777777778 48 ivae
10000 28 0.633333333333333 48 ivae
10000 28 0.738888888888889 48 ivae
10000 28 0.844444444444444 48 ivae
10000 28 0.95 48 ivae
10000 28 0 49 ivae
10000 28 0.105555555555556 49 ivae
10000 28 0.211111111111111 49 ivae
10000 28 0.316666666666667 49 ivae
10000 28 0.422222222222222 49 ivae
10000 28 0.527777777777778 49 ivae
10000 28 0.633333333333333 49 ivae
10000 28 0.738888888888889 49 ivae
10000 28 0.844444444444444 49 ivae
10000 28 0.95 49 ivae
10000 28 0 50 ivae
10000 28 0.105555555555556 50 ivae
10000 28 0.211111111111111 50 ivae
10000 28 0.316666666666667 50 ivae
10000 28 0.422222222222222 50 ivae
10000 28 0.527777777777778 50 ivae
10000 28 0.633333333333333 50 ivae
10000 28 0.738888888888889 50 ivae
10000 28 0.844444444444444 50 ivae
10000 28 0.95 50 ivae
10000 28 0 1 cvae
10000 28 0.105555555555556 1 cvae
10000 28 0.211111111111111 1 cvae
10000 28 0.316666666666667 1 cvae
10000 28 0.422222222222222 1 cvae
10000 28 0.527777777777778 1 cvae
10000 28 0.633333333333333 1 cvae
10000 28 0.738888888888889 1 cvae
10000 28 0.844444444444444 1 cvae
10000 28 0.95 1 cvae
10000 28 0 2 cvae
10000 28 0.105555555555556 2 cvae
10000 28 0.211111111111111 2 cvae
10000 28 0.316666666666667 2 cvae
10000 28 0.422222222222222 2 cvae
10000 28 0.527777777777778 2 cvae
10000 28 0.633333333333333 2 cvae
10000 28 0.738888888888889 2 cvae
10000 28 0.844444444444444 2 cvae
10000 28 0.95 2 cvae
10000 28 0 3 cvae
10000 28 0.105555555555556 3 cvae
10000 28 0.211111111111111 3 cvae
10000 28 0.316666666666667 3 cvae
10000 28 0.422222222222222 3 cvae
10000 28 0.527777777777778 3 cvae
10000 28 0.633333333333333 3 cvae
10000 28 0.738888888888889 3 cvae
10000 28 0.844444444444444 3 cvae
10000 28 0.95 3 cvae
10000 28 0 4 cvae
10000 28 0.105555555555556 4 cvae
10000 28 0.211111111111111 4 cvae
10000 28 0.316666666666667 4 cvae
10000 28 0.422222222222222 4 cvae
10000 28 0.527777777777778 4 cvae
10000 28 0.633333333333333 4 cvae
10000 28 0.738888888888889 4 cvae
10000 28 0.844444444444444 4 cvae
10000 28 0.95 4 cvae
10000 28 0 5 cvae
10000 28 0.105555555555556 5 cvae
10000 28 0.211111111111111 5 cvae
10000 28 0.316666666666667 5 cvae
10000 28 0.422222222222222 5 cvae
10000 28 0.527777777777778 5 cvae
10000 28 0.633333333333333 5 cvae
10000 28 0.738888888888889 5 cvae
10000 28 0.844444444444444 5 cvae
10000 28 0.95 5 cvae
10000 28 0 6 cvae
10000 28 0.105555555555556 6 cvae
10000 28 0.211111111111111 6 cvae
10000 28 0.316666666666667 6 cvae
10000 28 0.422222222222222 6 cvae
10000 28 0.527777777777778 6 cvae
10000 28 0.633333333333333 6 cvae
10000 28 0.738888888888889 6 cvae
10000 28 0.844444444444444 6 cvae
10000 28 0.95 6 cvae
10000 28 0 7 cvae
10000 28 0.105555555555556 7 cvae
10000 28 0.211111111111111 7 cvae
10000 28 0.316666666666667 7 cvae
10000 28 0.422222222222222 7 cvae
10000 28 0.527777777777778 7 cvae
10000 28 0.633333333333333 7 cvae
10000 28 0.738888888888889 7 cvae
10000 28 0.844444444444444 7 cvae
10000 28 0.95 7 cvae
10000 28 0 8 cvae
10000 28 0.105555555555556 8 cvae
10000 28 0.211111111111111 8 cvae
10000 28 0.316666666666667 8 cvae
10000 28 0.422222222222222 8 cvae
10000 28 0.527777777777778 8 cvae
10000 28 0.633333333333333 8 cvae
10000 28 0.738888888888889 8 cvae
10000 28 0.844444444444444 8 cvae
10000 28 0.95 8 cvae
10000 28 0 9 cvae
10000 28 0.105555555555556 9 cvae
10000 28 0.211111111111111 9 cvae
10000 28 0.316666666666667 9 cvae
10000 28 0.422222222222222 9 cvae
10000 28 0.527777777777778 9 cvae
10000 28 0.633333333333333 9 cvae
10000 28 0.738888888888889 9 cvae
10000 28 0.844444444444444 9 cvae
10000 28 0.95 9 cvae
10000 28 0 10 cvae
10000 28 0.105555555555556 10 cvae
10000 28 0.211111111111111 10 cvae
10000 28 0.316666666666667 10 cvae
10000 28 0.422222222222222 10 cvae
10000 28 0.527777777777778 10 cvae
10000 28 0.633333333333333 10 cvae
10000 28 0.738888888888889 10 cvae
10000 28 0.844444444444444 10 cvae
10000 28 0.95 10 cvae
10000 28 0 11 cvae
10000 28 0.105555555555556 11 cvae
10000 28 0.211111111111111 11 cvae
10000 28 0.316666666666667 11 cvae
10000 28 0.422222222222222 11 cvae
10000 28 0.527777777777778 11 cvae
10000 28 0.633333333333333 11 cvae
10000 28 0.738888888888889 11 cvae
10000 28 0.844444444444444 11 cvae
10000 28 0.95 11 cvae
10000 28 0 12 cvae
10000 28 0.105555555555556 12 cvae
10000 28 0.211111111111111 12 cvae
10000 28 0.316666666666667 12 cvae
10000 28 0.422222222222222 12 cvae
10000 28 0.527777777777778 12 cvae
10000 28 0.633333333333333 12 cvae
10000 28 0.738888888888889 12 cvae
10000 28 0.844444444444444 12 cvae
10000 28 0.95 12 cvae
10000 28 0 13 cvae
10000 28 0.105555555555556 13 cvae
10000 28 0.211111111111111 13 cvae
10000 28 0.316666666666667 13 cvae
10000 28 0.422222222222222 13 cvae
10000 28 0.527777777777778 13 cvae
10000 28 0.633333333333333 13 cvae
10000 28 0.738888888888889 13 cvae
10000 28 0.844444444444444 13 cvae
10000 28 0.95 13 cvae
10000 28 0 14 cvae
10000 28 0.105555555555556 14 cvae
10000 28 0.211111111111111 14 cvae
10000 28 0.316666666666667 14 cvae
10000 28 0.422222222222222 14 cvae
10000 28 0.527777777777778 14 cvae
10000 28 0.633333333333333 14 cvae
10000 28 0.738888888888889 14 cvae
10000 28 0.844444444444444 14 cvae
10000 28 0.95 14 cvae
10000 28 0 15 cvae
10000 28 0.105555555555556 15 cvae
10000 28 0.211111111111111 15 cvae
10000 28 0.316666666666667 15 cvae
10000 28 0.422222222222222 15 cvae
10000 28 0.527777777777778 15 cvae
10000 28 0.633333333333333 15 cvae
10000 28 0.738888888888889 15 cvae
10000 28 0.844444444444444 15 cvae
10000 28 0.95 15 cvae
10000 28 0 16 cvae
10000 28 0.105555555555556 16 cvae
10000 28 0.211111111111111 16 cvae
10000 28 0.316666666666667 16 cvae
10000 28 0.422222222222222 16 cvae
10000 28 0.527777777777778 16 cvae
10000 28 0.633333333333333 16 cvae
10000 28 0.738888888888889 16 cvae
10000 28 0.844444444444444 16 cvae
10000 28 0.95 16 cvae
10000 28 0 17 cvae
10000 28 0.105555555555556 17 cvae
10000 28 0.211111111111111 17 cvae
10000 28 0.316666666666667 17 cvae
10000 28 0.422222222222222 17 cvae
10000 28 0.527777777777778 17 cvae
10000 28 0.633333333333333 17 cvae
10000 28 0.738888888888889 17 cvae
10000 28 0.844444444444444 17 cvae
10000 28 0.95 17 cvae
10000 28 0 18 cvae
10000 28 0.105555555555556 18 cvae
10000 28 0.211111111111111 18 cvae
10000 28 0.316666666666667 18 cvae
10000 28 0.422222222222222 18 cvae
10000 28 0.527777777777778 18 cvae
10000 28 0.633333333333333 18 cvae
10000 28 0.738888888888889 18 cvae
10000 28 0.844444444444444 18 cvae
10000 28 0.95 18 cvae
10000 28 0 19 cvae
10000 28 0.105555555555556 19 cvae
10000 28 0.211111111111111 19 cvae
10000 28 0.316666666666667 19 cvae
10000 28 0.422222222222222 19 cvae
10000 28 0.527777777777778 19 cvae
10000 28 0.633333333333333 19 cvae
10000 28 0.738888888888889 19 cvae
10000 28 0.844444444444444 19 cvae
10000 28 0.95 19 cvae
10000 28 0 20 cvae
10000 28 0.105555555555556 20 cvae
10000 28 0.211111111111111 20 cvae
10000 28 0.316666666666667 20 cvae
10000 28 0.422222222222222 20 cvae
10000 28 0.527777777777778 20 cvae
10000 28 0.633333333333333 20 cvae
10000 28 0.738888888888889 20 cvae
10000 28 0.844444444444444 20 cvae
10000 28 0.95 20 cvae
10000 28 0 21 cvae
10000 28 0.105555555555556 21 cvae
10000 28 0.211111111111111 21 cvae
10000 28 0.316666666666667 21 cvae
10000 28 0.422222222222222 21 cvae
10000 28 0.527777777777778 21 cvae
10000 28 0.633333333333333 21 cvae
10000 28 0.738888888888889 21 cvae
10000 28 0.844444444444444 21 cvae
10000 28 0.95 21 cvae
10000 28 0 22 cvae
10000 28 0.105555555555556 22 cvae
10000 28 0.211111111111111 22 cvae
10000 28 0.316666666666667 22 cvae
10000 28 0.422222222222222 22 cvae
10000 28 0.527777777777778 22 cvae
10000 28 0.633333333333333 22 cvae
10000 28 0.738888888888889 22 cvae
10000 28 0.844444444444444 22 cvae
10000 28 0.95 22 cvae
10000 28 0 23 cvae
10000 28 0.105555555555556 23 cvae
10000 28 0.211111111111111 23 cvae
10000 28 0.316666666666667 23 cvae
10000 28 0.422222222222222 23 cvae
10000 28 0.527777777777778 23 cvae
10000 28 0.633333333333333 23 cvae
10000 28 0.738888888888889 23 cvae
10000 28 0.844444444444444 23 cvae
10000 28 0.95 23 cvae
10000 28 0 24 cvae
10000 28 0.105555555555556 24 cvae
10000 28 0.211111111111111 24 cvae
10000 28 0.316666666666667 24 cvae
10000 28 0.422222222222222 24 cvae
10000 28 0.527777777777778 24 cvae
10000 28 0.633333333333333 24 cvae
10000 28 0.738888888888889 24 cvae
10000 28 0.844444444444444 24 cvae
10000 28 0.95 24 cvae
10000 28 0 25 cvae
10000 28 0.105555555555556 25 cvae
10000 28 0.211111111111111 25 cvae
10000 28 0.316666666666667 25 cvae
10000 28 0.422222222222222 25 cvae
10000 28 0.527777777777778 25 cvae
10000 28 0.633333333333333 25 cvae
10000 28 0.738888888888889 25 cvae
10000 28 0.844444444444444 25 cvae
10000 28 0.95 25 cvae
10000 28 0 26 cvae
10000 28 0.105555555555556 26 cvae
10000 28 0.211111111111111 26 cvae
10000 28 0.316666666666667 26 cvae
10000 28 0.422222222222222 26 cvae
10000 28 0.527777777777778 26 cvae
10000 28 0.633333333333333 26 cvae
10000 28 0.738888888888889 26 cvae
10000 28 0.844444444444444 26 cvae
10000 28 0.95 26 cvae
10000 28 0 27 cvae
10000 28 0.105555555555556 27 cvae
10000 28 0.211111111111111 27 cvae
10000 28 0.316666666666667 27 cvae
10000 28 0.422222222222222 27 cvae
10000 28 0.527777777777778 27 cvae
10000 28 0.633333333333333 27 cvae
10000 28 0.738888888888889 27 cvae
10000 28 0.844444444444444 27 cvae
10000 28 0.95 27 cvae
10000 28 0 28 cvae
10000 28 0.105555555555556 28 cvae
10000 28 0.211111111111111 28 cvae
10000 28 0.316666666666667 28 cvae
10000 28 0.422222222222222 28 cvae
10000 28 0.527777777777778 28 cvae
10000 28 0.633333333333333 28 cvae
10000 28 0.738888888888889 28 cvae
10000 28 0.844444444444444 28 cvae
10000 28 0.95 28 cvae
10000 28 0 29 cvae
10000 28 0.105555555555556 29 cvae
10000 28 0.211111111111111 29 cvae
10000 28 0.316666666666667 29 cvae
10000 28 0.422222222222222 29 cvae
10000 28 0.527777777777778 29 cvae
10000 28 0.633333333333333 29 cvae
10000 28 0.738888888888889 29 cvae
10000 28 0.844444444444444 29 cvae
10000 28 0.95 29 cvae
10000 28 0 30 cvae
10000 28 0.105555555555556 30 cvae
10000 28 0.211111111111111 30 cvae
10000 28 0.316666666666667 30 cvae
10000 28 0.422222222222222 30 cvae
10000 28 0.527777777777778 30 cvae
10000 28 0.633333333333333 30 cvae
10000 28 0.738888888888889 30 cvae
10000 28 0.844444444444444 30 cvae
10000 28 0.95 30 cvae
10000 28 0 31 cvae
10000 28 0.105555555555556 31 cvae
10000 28 0.211111111111111 31 cvae
10000 28 0.316666666666667 31 cvae
10000 28 0.422222222222222 31 cvae
10000 28 0.527777777777778 31 cvae
10000 28 0.633333333333333 31 cvae
10000 28 0.738888888888889 31 cvae
10000 28 0.844444444444444 31 cvae
10000 28 0.95 31 cvae
10000 28 0 32 cvae
10000 28 0.105555555555556 32 cvae
10000 28 0.211111111111111 32 cvae
10000 28 0.316666666666667 32 cvae
10000 28 0.422222222222222 32 cvae
10000 28 0.527777777777778 32 cvae
10000 28 0.633333333333333 32 cvae
10000 28 0.738888888888889 32 cvae
10000 28 0.844444444444444 32 cvae
10000 28 0.95 32 cvae
10000 28 0 33 cvae
10000 28 0.105555555555556 33 cvae
10000 28 0.211111111111111 33 cvae
10000 28 0.316666666666667 33 cvae
10000 28 0.422222222222222 33 cvae
10000 28 0.527777777777778 33 cvae
10000 28 0.633333333333333 33 cvae
10000 28 0.738888888888889 33 cvae
10000 28 0.844444444444444 33 cvae
10000 28 0.95 33 cvae
10000 28 0 34 cvae
10000 28 0.105555555555556 34 cvae
10000 28 0.211111111111111 34 cvae
10000 28 0.316666666666667 34 cvae
10000 28 0.422222222222222 34 cvae
10000 28 0.527777777777778 34 cvae
10000 28 0.633333333333333 34 cvae
10000 28 0.738888888888889 34 cvae
10000 28 0.844444444444444 34 cvae
10000 28 0.95 34 cvae
10000 28 0 35 cvae
10000 28 0.105555555555556 35 cvae
10000 28 0.211111111111111 35 cvae
10000 28 0.316666666666667 35 cvae
10000 28 0.422222222222222 35 cvae
10000 28 0.527777777777778 35 cvae
10000 28 0.633333333333333 35 cvae
10000 28 0.738888888888889 35 cvae
10000 28 0.844444444444444 35 cvae
10000 28 0.95 35 cvae
10000 28 0 36 cvae
10000 28 0.105555555555556 36 cvae
10000 28 0.211111111111111 36 cvae
10000 28 0.316666666666667 36 cvae
10000 28 0.422222222222222 36 cvae
10000 28 0.527777777777778 36 cvae
10000 28 0.633333333333333 36 cvae
10000 28 0.738888888888889 36 cvae
10000 28 0.844444444444444 36 cvae
10000 28 0.95 36 cvae
10000 28 0 37 cvae
10000 28 0.105555555555556 37 cvae
10000 28 0.211111111111111 37 cvae
10000 28 0.316666666666667 37 cvae
10000 28 0.422222222222222 37 cvae
10000 28 0.527777777777778 37 cvae
10000 28 0.633333333333333 37 cvae
10000 28 0.738888888888889 37 cvae
10000 28 0.844444444444444 37 cvae
10000 28 0.95 37 cvae
10000 28 0 38 cvae
10000 28 0.105555555555556 38 cvae
10000 28 0.211111111111111 38 cvae
10000 28 0.316666666666667 38 cvae
10000 28 0.422222222222222 38 cvae
10000 28 0.527777777777778 38 cvae
10000 28 0.633333333333333 38 cvae
10000 28 0.738888888888889 38 cvae
10000 28 0.844444444444444 38 cvae
10000 28 0.95 38 cvae
10000 28 0 39 cvae
10000 28 0.105555555555556 39 cvae
10000 28 0.211111111111111 39 cvae
10000 28 0.316666666666667 39 cvae
10000 28 0.422222222222222 39 cvae
10000 28 0.527777777777778 39 cvae
10000 28 0.633333333333333 39 cvae
10000 28 0.738888888888889 39 cvae
10000 28 0.844444444444444 39 cvae
10000 28 0.95 39 cvae
10000 28 0 40 cvae
10000 28 0.105555555555556 40 cvae
10000 28 0.211111111111111 40 cvae
10000 28 0.316666666666667 40 cvae
10000 28 0.422222222222222 40 cvae
10000 28 0.527777777777778 40 cvae
10000 28 0.633333333333333 40 cvae
10000 28 0.738888888888889 40 cvae
10000 28 0.844444444444444 40 cvae
10000 28 0.95 40 cvae
10000 28 0 41 cvae
10000 28 0.105555555555556 41 cvae
10000 28 0.211111111111111 41 cvae
10000 28 0.316666666666667 41 cvae
10000 28 0.422222222222222 41 cvae
10000 28 0.527777777777778 41 cvae
10000 28 0.633333333333333 41 cvae
10000 28 0.738888888888889 41 cvae
10000 28 0.844444444444444 41 cvae
10000 28 0.95 41 cvae
10000 28 0 42 cvae
10000 28 0.105555555555556 42 cvae
10000 28 0.211111111111111 42 cvae
10000 28 0.316666666666667 42 cvae
10000 28 0.422222222222222 42 cvae
10000 28 0.527777777777778 42 cvae
10000 28 0.633333333333333 42 cvae
10000 28 0.738888888888889 42 cvae
10000 28 0.844444444444444 42 cvae
10000 28 0.95 42 cvae
10000 28 0 43 cvae
10000 28 0.105555555555556 43 cvae
10000 28 0.211111111111111 43 cvae
10000 28 0.316666666666667 43 cvae
10000 28 0.422222222222222 43 cvae
10000 28 0.527777777777778 43 cvae
10000 28 0.633333333333333 43 cvae
10000 28 0.738888888888889 43 cvae
10000 28 0.844444444444444 43 cvae
10000 28 0.95 43 cvae
10000 28 0 44 cvae
10000 28 0.105555555555556 44 cvae
10000 28 0.211111111111111 44 cvae
10000 28 0.316666666666667 44 cvae
10000 28 0.422222222222222 44 cvae
10000 28 0.527777777777778 44 cvae
10000 28 0.633333333333333 44 cvae
10000 28 0.738888888888889 44 cvae
10000 28 0.844444444444444 44 cvae
10000 28 0.95 44 cvae
10000 28 0 45 cvae
10000 28 0.105555555555556 45 cvae
10000 28 0.211111111111111 45 cvae
10000 28 0.316666666666667 45 cvae
10000 28 0.422222222222222 45 cvae
10000 28 0.527777777777778 45 cvae
10000 28 0.633333333333333 45 cvae
10000 28 0.738888888888889 45 cvae
10000 28 0.844444444444444 45 cvae
10000 28 0.95 45 cvae
10000 28 0 46 cvae
10000 28 0.105555555555556 46 cvae
10000 28 0.211111111111111 46 cvae
10000 28 0.316666666666667 46 cvae
10000 28 0.422222222222222 46 cvae
10000 28 0.527777777777778 46 cvae
10000 28 0.633333333333333 46 cvae
10000 28 0.738888888888889 46 cvae
10000 28 0.844444444444444 46 cvae
10000 28 0.95 46 cvae
10000 28 0 47 cvae
10000 28 0.105555555555556 47 cvae
10000 28 0.211111111111111 47 cvae
10000 28 0.316666666666667 47 cvae
10000 28 0.422222222222222 47 cvae
10000 28 0.527777777777778 47 cvae
10000 28 0.633333333333333 47 cvae
10000 28 0.738888888888889 47 cvae
10000 28 0.844444444444444 47 cvae
10000 28 0.95 47 cvae
10000 28 0 48 cvae
10000 28 0.105555555555556 48 cvae
10000 28 0.211111111111111 48 cvae
10000 28 0.316666666666667 48 cvae
10000 28 0.422222222222222 48 cvae
10000 28 0.527777777777778 48 cvae
10000 28 0.633333333333333 48 cvae
10000 28 0.738888888888889 48 cvae
10000 28 0.844444444444444 48 cvae
10000 28 0.95 48 cvae
10000 28 0 49 cvae
10000 28 0.105555555555556 49 cvae
10000 28 0.211111111111111 49 cvae
10000 28 0.316666666666667 49 cvae
10000 28 0.422222222222222 49 cvae
10000 28 0.527777777777778 49 cvae
10000 28 0.633333333333333 49 cvae
10000 28 0.738888888888889 49 cvae
10000 28 0.844444444444444 49 cvae
10000 28 0.95 49 cvae
10000 28 0 50 cvae
10000 28 0.105555555555556 50 cvae
10000 28 0.211111111111111 50 cvae
10000 28 0.316666666666667 50 cvae
10000 28 0.422222222222222 50 cvae
10000 28 0.527777777777778 50 cvae
10000 28 0.633333333333333 50 cvae
10000 28 0.738888888888889 50 cvae
10000 28 0.844444444444444 50 cvae
10000 28 0.95 50 cvae
10000 28 0 1 pvae
10000 28 0.105555555555556 1 pvae
10000 28 0.211111111111111 1 pvae
10000 28 0.316666666666667 1 pvae
10000 28 0.422222222222222 1 pvae
10000 28 0.527777777777778 1 pvae
10000 28 0.633333333333333 1 pvae
10000 28 0.738888888888889 1 pvae
10000 28 0.844444444444444 1 pvae
10000 28 0.95 1 pvae
10000 28 0 2 pvae
10000 28 0.105555555555556 2 pvae
10000 28 0.211111111111111 2 pvae
10000 28 0.316666666666667 2 pvae
10000 28 0.422222222222222 2 pvae
10000 28 0.527777777777778 2 pvae
10000 28 0.633333333333333 2 pvae
10000 28 0.738888888888889 2 pvae
10000 28 0.844444444444444 2 pvae
10000 28 0.95 2 pvae
10000 28 0 3 pvae
10000 28 0.105555555555556 3 pvae
10000 28 0.211111111111111 3 pvae
10000 28 0.316666666666667 3 pvae
10000 28 0.422222222222222 3 pvae
10000 28 0.527777777777778 3 pvae
10000 28 0.633333333333333 3 pvae
10000 28 0.738888888888889 3 pvae
10000 28 0.844444444444444 3 pvae
10000 28 0.95 3 pvae
10000 28 0 4 pvae
10000 28 0.105555555555556 4 pvae
10000 28 0.211111111111111 4 pvae
10000 28 0.316666666666667 4 pvae
10000 28 0.422222222222222 4 pvae
10000 28 0.527777777777778 4 pvae
10000 28 0.633333333333333 4 pvae
10000 28 0.738888888888889 4 pvae
10000 28 0.844444444444444 4 pvae
10000 28 0.95 4 pvae
10000 28 0 5 pvae
10000 28 0.105555555555556 5 pvae
10000 28 0.211111111111111 5 pvae
10000 28 0.316666666666667 5 pvae
10000 28 0.422222222222222 5 pvae
10000 28 0.527777777777778 5 pvae
10000 28 0.633333333333333 5 pvae
10000 28 0.738888888888889 5 pvae
10000 28 0.844444444444444 5 pvae
10000 28 0.95 5 pvae
10000 28 0 6 pvae
10000 28 0.105555555555556 6 pvae
10000 28 0.211111111111111 6 pvae
10000 28 0.316666666666667 6 pvae
10000 28 0.422222222222222 6 pvae
10000 28 0.527777777777778 6 pvae
10000 28 0.633333333333333 6 pvae
10000 28 0.738888888888889 6 pvae
10000 28 0.844444444444444 6 pvae
10000 28 0.95 6 pvae
10000 28 0 7 pvae
10000 28 0.105555555555556 7 pvae
10000 28 0.211111111111111 7 pvae
10000 28 0.316666666666667 7 pvae
10000 28 0.422222222222222 7 pvae
10000 28 0.527777777777778 7 pvae
10000 28 0.633333333333333 7 pvae
10000 28 0.738888888888889 7 pvae
10000 28 0.844444444444444 7 pvae
10000 28 0.95 7 pvae
10000 28 0 8 pvae
10000 28 0.105555555555556 8 pvae
10000 28 0.211111111111111 8 pvae
10000 28 0.316666666666667 8 pvae
10000 28 0.422222222222222 8 pvae
10000 28 0.527777777777778 8 pvae
10000 28 0.633333333333333 8 pvae
10000 28 0.738888888888889 8 pvae
10000 28 0.844444444444444 8 pvae
10000 28 0.95 8 pvae
10000 28 0 9 pvae
10000 28 0.105555555555556 9 pvae
10000 28 0.211111111111111 9 pvae
10000 28 0.316666666666667 9 pvae
10000 28 0.422222222222222 9 pvae
10000 28 0.527777777777778 9 pvae
10000 28 0.633333333333333 9 pvae
10000 28 0.738888888888889 9 pvae
10000 28 0.844444444444444 9 pvae
10000 28 0.95 9 pvae
10000 28 0 10 pvae
10000 28 0.105555555555556 10 pvae
10000 28 0.211111111111111 10 pvae
10000 28 0.316666666666667 10 pvae
10000 28 0.422222222222222 10 pvae
10000 28 0.527777777777778 10 pvae
10000 28 0.633333333333333 10 pvae
10000 28 0.738888888888889 10 pvae
10000 28 0.844444444444444 10 pvae
10000 28 0.95 10 pvae
10000 28 0 11 pvae
10000 28 0.105555555555556 11 pvae
10000 28 0.211111111111111 11 pvae
10000 28 0.316666666666667 11 pvae
10000 28 0.422222222222222 11 pvae
10000 28 0.527777777777778 11 pvae
10000 28 0.633333333333333 11 pvae
10000 28 0.738888888888889 11 pvae
10000 28 0.844444444444444 11 pvae
10000 28 0.95 11 pvae
10000 28 0 12 pvae
10000 28 0.105555555555556 12 pvae
10000 28 0.211111111111111 12 pvae
10000 28 0.316666666666667 12 pvae
10000 28 0.422222222222222 12 pvae
10000 28 0.527777777777778 12 pvae
10000 28 0.633333333333333 12 pvae
10000 28 0.738888888888889 12 pvae
10000 28 0.844444444444444 12 pvae
10000 28 0.95 12 pvae
10000 28 0 13 pvae
10000 28 0.105555555555556 13 pvae
10000 28 0.211111111111111 13 pvae
10000 28 0.316666666666667 13 pvae
10000 28 0.422222222222222 13 pvae
10000 28 0.527777777777778 13 pvae
10000 28 0.633333333333333 13 pvae
10000 28 0.738888888888889 13 pvae
10000 28 0.844444444444444 13 pvae
10000 28 0.95 13 pvae
10000 28 0 14 pvae
10000 28 0.105555555555556 14 pvae
10000 28 0.211111111111111 14 pvae
10000 28 0.316666666666667 14 pvae
10000 28 0.422222222222222 14 pvae
10000 28 0.527777777777778 14 pvae
10000 28 0.633333333333333 14 pvae
10000 28 0.738888888888889 14 pvae
10000 28 0.844444444444444 14 pvae
10000 28 0.95 14 pvae
10000 28 0 15 pvae
10000 28 0.105555555555556 15 pvae
10000 28 0.211111111111111 15 pvae
10000 28 0.316666666666667 15 pvae
10000 28 0.422222222222222 15 pvae
10000 28 0.527777777777778 15 pvae
10000 28 0.633333333333333 15 pvae
10000 28 0.738888888888889 15 pvae
10000 28 0.844444444444444 15 pvae
10000 28 0.95 15 pvae
10000 28 0 16 pvae
10000 28 0.105555555555556 16 pvae
10000 28 0.211111111111111 16 pvae
10000 28 0.316666666666667 16 pvae
10000 28 0.422222222222222 16 pvae
10000 28 0.527777777777778 16 pvae
10000 28 0.633333333333333 16 pvae
10000 28 0.738888888888889 16 pvae
10000 28 0.844444444444444 16 pvae
10000 28 0.95 16 pvae
10000 28 0 17 pvae
10000 28 0.105555555555556 17 pvae
10000 28 0.211111111111111 17 pvae
10000 28 0.316666666666667 17 pvae
10000 28 0.422222222222222 17 pvae
10000 28 0.527777777777778 17 pvae
10000 28 0.633333333333333 17 pvae
10000 28 0.738888888888889 17 pvae
10000 28 0.844444444444444 17 pvae
10000 28 0.95 17 pvae
10000 28 0 18 pvae
10000 28 0.105555555555556 18 pvae
10000 28 0.211111111111111 18 pvae
10000 28 0.316666666666667 18 pvae
10000 28 0.422222222222222 18 pvae
10000 28 0.527777777777778 18 pvae
10000 28 0.633333333333333 18 pvae
10000 28 0.738888888888889 18 pvae
10000 28 0.844444444444444 18 pvae
10000 28 0.95 18 pvae
10000 28 0 19 pvae
10000 28 0.105555555555556 19 pvae
10000 28 0.211111111111111 19 pvae
10000 28 0.316666666666667 19 pvae
10000 28 0.422222222222222 19 pvae
10000 28 0.527777777777778 19 pvae
10000 28 0.633333333333333 19 pvae
10000 28 0.738888888888889 19 pvae
10000 28 0.844444444444444 19 pvae
10000 28 0.95 19 pvae
10000 28 0 20 pvae
10000 28 0.105555555555556 20 pvae
10000 28 0.211111111111111 20 pvae
10000 28 0.316666666666667 20 pvae
10000 28 0.422222222222222 20 pvae
10000 28 0.527777777777778 20 pvae
10000 28 0.633333333333333 20 pvae
10000 28 0.738888888888889 20 pvae
10000 28 0.844444444444444 20 pvae
10000 28 0.95 20 pvae
10000 28 0 21 pvae
10000 28 0.105555555555556 21 pvae
10000 28 0.211111111111111 21 pvae
10000 28 0.316666666666667 21 pvae
10000 28 0.422222222222222 21 pvae
10000 28 0.527777777777778 21 pvae
10000 28 0.633333333333333 21 pvae
10000 28 0.738888888888889 21 pvae
10000 28 0.844444444444444 21 pvae
10000 28 0.95 21 pvae
10000 28 0 22 pvae
10000 28 0.105555555555556 22 pvae
10000 28 0.211111111111111 22 pvae
10000 28 0.316666666666667 22 pvae
10000 28 0.422222222222222 22 pvae
10000 28 0.527777777777778 22 pvae
10000 28 0.633333333333333 22 pvae
10000 28 0.738888888888889 22 pvae
10000 28 0.844444444444444 22 pvae
10000 28 0.95 22 pvae
10000 28 0 23 pvae
10000 28 0.105555555555556 23 pvae
10000 28 0.211111111111111 23 pvae
10000 28 0.316666666666667 23 pvae
10000 28 0.422222222222222 23 pvae
10000 28 0.527777777777778 23 pvae
10000 28 0.633333333333333 23 pvae
10000 28 0.738888888888889 23 pvae
10000 28 0.844444444444444 23 pvae
10000 28 0.95 23 pvae
10000 28 0 24 pvae
10000 28 0.105555555555556 24 pvae
10000 28 0.211111111111111 24 pvae
10000 28 0.316666666666667 24 pvae
10000 28 0.422222222222222 24 pvae
10000 28 0.527777777777778 24 pvae
10000 28 0.633333333333333 24 pvae
10000 28 0.738888888888889 24 pvae
10000 28 0.844444444444444 24 pvae
10000 28 0.95 24 pvae
10000 28 0 25 pvae
10000 28 0.105555555555556 25 pvae
10000 28 0.211111111111111 25 pvae
10000 28 0.316666666666667 25 pvae
10000 28 0.422222222222222 25 pvae
10000 28 0.527777777777778 25 pvae
10000 28 0.633333333333333 25 pvae
10000 28 0.738888888888889 25 pvae
10000 28 0.844444444444444 25 pvae
10000 28 0.95 25 pvae
10000 28 0 26 pvae
10000 28 0.105555555555556 26 pvae
10000 28 0.211111111111111 26 pvae
10000 28 0.316666666666667 26 pvae
10000 28 0.422222222222222 26 pvae
10000 28 0.527777777777778 26 pvae
10000 28 0.633333333333333 26 pvae
10000 28 0.738888888888889 26 pvae
10000 28 0.844444444444444 26 pvae
10000 28 0.95 26 pvae
10000 28 0 27 pvae
10000 28 0.105555555555556 27 pvae
10000 28 0.211111111111111 27 pvae
10000 28 0.316666666666667 27 pvae
10000 28 0.422222222222222 27 pvae
10000 28 0.527777777777778 27 pvae
10000 28 0.633333333333333 27 pvae
10000 28 0.738888888888889 27 pvae
10000 28 0.844444444444444 27 pvae
10000 28 0.95 27 pvae
10000 28 0 28 pvae
10000 28 0.105555555555556 28 pvae
10000 28 0.211111111111111 28 pvae
10000 28 0.316666666666667 28 pvae
10000 28 0.422222222222222 28 pvae
10000 28 0.527777777777778 28 pvae
10000 28 0.633333333333333 28 pvae
10000 28 0.738888888888889 28 pvae
10000 28 0.844444444444444 28 pvae
10000 28 0.95 28 pvae
10000 28 0 29 pvae
10000 28 0.105555555555556 29 pvae
10000 28 0.211111111111111 29 pvae
10000 28 0.316666666666667 29 pvae
10000 28 0.422222222222222 29 pvae
10000 28 0.527777777777778 29 pvae
10000 28 0.633333333333333 29 pvae
10000 28 0.738888888888889 29 pvae
10000 28 0.844444444444444 29 pvae
10000 28 0.95 29 pvae
10000 28 0 30 pvae
10000 28 0.105555555555556 30 pvae
10000 28 0.211111111111111 30 pvae
10000 28 0.316666666666667 30 pvae
10000 28 0.422222222222222 30 pvae
10000 28 0.527777777777778 30 pvae
10000 28 0.633333333333333 30 pvae
10000 28 0.738888888888889 30 pvae
10000 28 0.844444444444444 30 pvae
10000 28 0.95 30 pvae
10000 28 0 31 pvae
10000 28 0.105555555555556 31 pvae
10000 28 0.211111111111111 31 pvae
10000 28 0.316666666666667 31 pvae
10000 28 0.422222222222222 31 pvae
10000 28 0.527777777777778 31 pvae
10000 28 0.633333333333333 31 pvae
10000 28 0.738888888888889 31 pvae
10000 28 0.844444444444444 31 pvae
10000 28 0.95 31 pvae
10000 28 0 32 pvae
10000 28 0.105555555555556 32 pvae
10000 28 0.211111111111111 32 pvae
10000 28 0.316666666666667 32 pvae
10000 28 0.422222222222222 32 pvae
10000 28 0.527777777777778 32 pvae
10000 28 0.633333333333333 32 pvae
10000 28 0.738888888888889 32 pvae
10000 28 0.844444444444444 32 pvae
10000 28 0.95 32 pvae
10000 28 0 33 pvae
10000 28 0.105555555555556 33 pvae
10000 28 0.211111111111111 33 pvae
10000 28 0.316666666666667 33 pvae
10000 28 0.422222222222222 33 pvae
10000 28 0.527777777777778 33 pvae
10000 28 0.633333333333333 33 pvae
10000 28 0.738888888888889 33 pvae
10000 28 0.844444444444444 33 pvae
10000 28 0.95 33 pvae
10000 28 0 34 pvae
10000 28 0.105555555555556 34 pvae
10000 28 0.211111111111111 34 pvae
10000 28 0.316666666666667 34 pvae
10000 28 0.422222222222222 34 pvae
10000 28 0.527777777777778 34 pvae
10000 28 0.633333333333333 34 pvae
10000 28 0.738888888888889 34 pvae
10000 28 0.844444444444444 34 pvae
10000 28 0.95 34 pvae
10000 28 0 35 pvae
10000 28 0.105555555555556 35 pvae
10000 28 0.211111111111111 35 pvae
10000 28 0.316666666666667 35 pvae
10000 28 0.422222222222222 35 pvae
10000 28 0.527777777777778 35 pvae
10000 28 0.633333333333333 35 pvae
10000 28 0.738888888888889 35 pvae
10000 28 0.844444444444444 35 pvae
10000 28 0.95 35 pvae
10000 28 0 36 pvae
10000 28 0.105555555555556 36 pvae
10000 28 0.211111111111111 36 pvae
10000 28 0.316666666666667 36 pvae
10000 28 0.422222222222222 36 pvae
10000 28 0.527777777777778 36 pvae
10000 28 0.633333333333333 36 pvae
10000 28 0.738888888888889 36 pvae
10000 28 0.844444444444444 36 pvae
10000 28 0.95 36 pvae
10000 28 0 37 pvae
10000 28 0.105555555555556 37 pvae
10000 28 0.211111111111111 37 pvae
10000 28 0.316666666666667 37 pvae
10000 28 0.422222222222222 37 pvae
10000 28 0.527777777777778 37 pvae
10000 28 0.633333333333333 37 pvae
10000 28 0.738888888888889 37 pvae
10000 28 0.844444444444444 37 pvae
10000 28 0.95 37 pvae
10000 28 0 38 pvae
10000 28 0.105555555555556 38 pvae
10000 28 0.211111111111111 38 pvae
10000 28 0.316666666666667 38 pvae
10000 28 0.422222222222222 38 pvae
10000 28 0.527777777777778 38 pvae
10000 28 0.633333333333333 38 pvae
10000 28 0.738888888888889 38 pvae
10000 28 0.844444444444444 38 pvae
10000 28 0.95 38 pvae
10000 28 0 39 pvae
10000 28 0.105555555555556 39 pvae
10000 28 0.211111111111111 39 pvae
10000 28 0.316666666666667 39 pvae
10000 28 0.422222222222222 39 pvae
10000 28 0.527777777777778 39 pvae
10000 28 0.633333333333333 39 pvae
10000 28 0.738888888888889 39 pvae
10000 28 0.844444444444444 39 pvae
10000 28 0.95 39 pvae
10000 28 0 40 pvae
10000 28 0.105555555555556 40 pvae
10000 28 0.211111111111111 40 pvae
10000 28 0.316666666666667 40 pvae
10000 28 0.422222222222222 40 pvae
10000 28 0.527777777777778 40 pvae
10000 28 0.633333333333333 40 pvae
10000 28 0.738888888888889 40 pvae
10000 28 0.844444444444444 40 pvae
10000 28 0.95 40 pvae
10000 28 0 41 pvae
10000 28 0.105555555555556 41 pvae
10000 28 0.211111111111111 41 pvae
10000 28 0.316666666666667 41 pvae
10000 28 0.422222222222222 41 pvae
10000 28 0.527777777777778 41 pvae
10000 28 0.633333333333333 41 pvae
10000 28 0.738888888888889 41 pvae
10000 28 0.844444444444444 41 pvae
10000 28 0.95 41 pvae
10000 28 0 42 pvae
10000 28 0.105555555555556 42 pvae
10000 28 0.211111111111111 42 pvae
10000 28 0.316666666666667 42 pvae
10000 28 0.422222222222222 42 pvae
10000 28 0.527777777777778 42 pvae
10000 28 0.633333333333333 42 pvae
10000 28 0.738888888888889 42 pvae
10000 28 0.844444444444444 42 pvae
10000 28 0.95 42 pvae
10000 28 0 43 pvae
10000 28 0.105555555555556 43 pvae
10000 28 0.211111111111111 43 pvae
10000 28 0.316666666666667 43 pvae
10000 28 0.422222222222222 43 pvae
10000 28 0.527777777777778 43 pvae
10000 28 0.633333333333333 43 pvae
10000 28 0.738888888888889 43 pvae
10000 28 0.844444444444444 43 pvae
10000 28 0.95 43 pvae
10000 28 0 44 pvae
10000 28 0.105555555555556 44 pvae
10000 28 0.211111111111111 44 pvae
10000 28 0.316666666666667 44 pvae
10000 28 0.422222222222222 44 pvae
10000 28 0.527777777777778 44 pvae
10000 28 0.633333333333333 44 pvae
10000 28 0.738888888888889 44 pvae
10000 28 0.844444444444444 44 pvae
10000 28 0.95 44 pvae
10000 28 0 45 pvae
10000 28 0.105555555555556 45 pvae
10000 28 0.211111111111111 45 pvae
10000 28 0.316666666666667 45 pvae
10000 28 0.422222222222222 45 pvae
10000 28 0.527777777777778 45 pvae
10000 28 0.633333333333333 45 pvae
10000 28 0.738888888888889 45 pvae
10000 28 0.844444444444444 45 pvae
10000 28 0.95 45 pvae
10000 28 0 46 pvae
10000 28 0.105555555555556 46 pvae
10000 28 0.211111111111111 46 pvae
10000 28 0.316666666666667 46 pvae
10000 28 0.422222222222222 46 pvae
10000 28 0.527777777777778 46 pvae
10000 28 0.633333333333333 46 pvae
10000 28 0.738888888888889 46 pvae
10000 28 0.844444444444444 46 pvae
10000 28 0.95 46 pvae
10000 28 0 47 pvae
10000 28 0.105555555555556 47 pvae
10000 28 0.211111111111111 47 pvae
10000 28 0.316666666666667 47 pvae
10000 28 0.422222222222222 47 pvae
10000 28 0.527777777777778 47 pvae
10000 28 0.633333333333333 47 pvae
10000 28 0.738888888888889 47 pvae
10000 28 0.844444444444444 47 pvae
10000 28 0.95 47 pvae
10000 28 0 48 pvae
10000 28 0.105555555555556 48 pvae
10000 28 0.211111111111111 48 pvae
10000 28 0.316666666666667 48 pvae
10000 28 0.422222222222222 48 pvae
10000 28 0.527777777777778 48 pvae
10000 28 0.633333333333333 48 pvae
10000 28 0.738888888888889 48 pvae
10000 28 0.844444444444444 48 pvae
10000 28 0.95 48 pvae
10000 28 0 49 pvae
10000 28 0.105555555555556 49 pvae
10000 28 0.211111111111111 49 pvae
10000 28 0.316666666666667 49 pvae
10000 28 0.422222222222222 49 pvae
10000 28 0.527777777777778 49 pvae
10000 28 0.633333333333333 49 pvae
10000 28 0.738888888888889 49 pvae
10000 28 0.844444444444444 49 pvae
10000 28 0.95 49 pvae
10000 28 0 50 pvae
10000 28 0.105555555555556 50 pvae
10000 28 0.211111111111111 50 pvae
10000 28 0.316666666666667 50 pvae
10000 28 0.422222222222222 50 pvae
10000 28 0.527777777777778 50 pvae
10000 28 0.633333333333333 50 pvae
10000 28 0.738888888888889 50 pvae
10000 28 0.844444444444444 50 pvae
10000 28 0.95 50 pvae
