1 0
1 0.0833333333333333
1 0.166666666666667
1 0.25
1 0.333333333333333
1 0.416666666666667
1 0.5
1 0.583333333333333
1 0.666666666666667
1 0.75
2 0
2 0.0833333333333333
2 0.166666666666667
2 0.25
2 0.333333333333333
2 0.416666666666667
2 0.5
2 0.583333333333333
2 0.666666666666667
2 0.75
3 0
3 0.0833333333333333
3 0.166666666666667
3 0.25
3 0.333333333333333
3 0.416666666666667
3 0.5
3 0.583333333333333
3 0.666666666666667
3 0.75
4 0
4 0.0833333333333333
4 0.166666666666667
4 0.25
4 0.333333333333333
4 0.416666666666667
4 0.5
4 0.583333333333333
4 0.666666666666667
4 0.75
5 0
5 0.0833333333333333
5 0.166666666666667
5 0.25
5 0.333333333333333
5 0.416666666666667
5 0.5
5 0.583333333333333
5 0.666666666666667
5 0.75
6 0
6 0.0833333333333333
6 0.166666666666667
6 0.25
6 0.333333333333333
6 0.416666666666667
6 0.5
6 0.583333333333333
6 0.666666666666667
6 0.75
7 0
7 0.0833333333333333
7 0.166666666666667
7 0.25
7 0.333333333333333
7 0.416666666666667
7 0.5
7 0.583333333333333
7 0.666666666666667
7 0.75
8 0
8 0.0833333333333333
8 0.166666666666667
8 0.25
8 0.333333333333333
8 0.416666666666667
8 0.5
8 0.583333333333333
8 0.666666666666667
8 0.75
9 0
9 0.0833333333333333
9 0.166666666666667
9 0.25
9 0.333333333333333
9 0.416666666666667
9 0.5
9 0.583333333333333
9 0.666666666666667
9 0.75
10 0
10 0.0833333333333333
10 0.166666666666667
10 0.25
10 0.333333333333333
10 0.416666666666667
10 0.5
10 0.583333333333333
10 0.666666666666667
10 0.75
11 0
11 0.0833333333333333
11 0.166666666666667
11 0.25
11 0.333333333333333
11 0.416666666666667
11 0.5
11 0.583333333333333
11 0.666666666666667
11 0.75
12 0
12 0.0833333333333333
12 0.166666666666667
12 0.25
12 0.333333333333333
12 0.416666666666667
12 0.5
12 0.583333333333333
12 0.666666666666667
12 0.75
13 0
13 0.0833333333333333
13 0.166666666666667
13 0.25
13 0.333333333333333
13 0.416666666666667
13 0.5
13 0.583333333333333
13 0.666666666666667
13 0.75
14 0
14 0.0833333333333333
14 0.166666666666667
14 0.25
14 0.333333333333333
14 0.416666666666667
14 0.5
14 0.583333333333333
14 0.666666666666667
14 0.75
15 0
15 0.0833333333333333
15 0.166666666666667
15 0.25
15 0.333333333333333
15 0.416666666666667
15 0.5
15 0.583333333333333
15 0.666666666666667
15 0.75
16 0
16 0.0833333333333333
16 0.166666666666667
16 0.25
16 0.333333333333333
16 0.416666666666667
16 0.5
16 0.583333333333333
16 0.666666666666667
16 0.75
17 0
17 0.0833333333333333
17 0.166666666666667
17 0.25
17 0.333333333333333
17 0.416666666666667
17 0.5
17 0.583333333333333
17 0.666666666666667
17 0.75
18 0
18 0.0833333333333333
18 0.166666666666667
18 0.25
18 0.333333333333333
18 0.416666666666667
18 0.5
18 0.583333333333333
18 0.666666666666667
18 0.75
19 0
19 0.0833333333333333
19 0.166666666666667
19 0.25
19 0.333333333333333
19 0.416666666666667
19 0.5
19 0.583333333333333
19 0.666666666666667
19 0.75
20 0
20 0.0833333333333333
20 0.166666666666667
20 0.25
20 0.333333333333333
20 0.416666666666667
20 0.5
20 0.583333333333333
20 0.666666666666667
20 0.75
