1 1 "cvae" 0.5 10
1 5 "cvae" 0.5 10
1 25 "cvae" 0.5 10
2 1 "cvae" 0.5 10
2 5 "cvae" 0.5 10
2 25 "cvae" 0.5 10
3 1 "cvae" 0.5 10
3 5 "cvae" 0.5 10
3 25 "cvae" 0.5 10
4 1 "cvae" 0.5 10
4 5 "cvae" 0.5 10
4 25 "cvae" 0.5 10
5 1 "cvae" 0.5 10
5 5 "cvae" 0.5 10
5 25 "cvae" 0.5 10
6 1 "cvae" 0.5 10
6 5 "cvae" 0.5 10
6 25 "cvae" 0.5 10
7 1 "cvae" 0.5 10
7 5 "cvae" 0.5 10
7 25 "cvae" 0.5 10
8 1 "cvae" 0.5 10
8 5 "cvae" 0.5 10
8 25 "cvae" 0.5 10
9 1 "cvae" 0.5 10
9 5 "cvae" 0.5 10
9 25 "cvae" 0.5 10
10 1 "cvae" 0.5 10
10 5 "cvae" 0.5 10
10 25 "cvae" 0.5 10
11 1 "cvae" 0.5 10
11 5 "cvae" 0.5 10
11 25 "cvae" 0.5 10
12 1 "cvae" 0.5 10
12 5 "cvae" 0.5 10
12 25 "cvae" 0.5 10
13 1 "cvae" 0.5 10
13 5 "cvae" 0.5 10
13 25 "cvae" 0.5 10
14 1 "cvae" 0.5 10
14 5 "cvae" 0.5 10
14 25 "cvae" 0.5 10
15 1 "cvae" 0.5 10
15 5 "cvae" 0.5 10
15 25 "cvae" 0.5 10
16 1 "cvae" 0.5 10
16 5 "cvae" 0.5 10
16 25 "cvae" 0.5 10
17 1 "cvae" 0.5 10
17 5 "cvae" 0.5 10
17 25 "cvae" 0.5 10
18 1 "cvae" 0.5 10
18 5 "cvae" 0.5 10
18 25 "cvae" 0.5 10
19 1 "cvae" 0.5 10
19 5 "cvae" 0.5 10
19 25 "cvae" 0.5 10
20 1 "cvae" 0.5 10
20 5 "cvae" 0.5 10
20 25 "cvae" 0.5 10
21 1 "cvae" 0.5 10
21 5 "cvae" 0.5 10
21 25 "cvae" 0.5 10
22 1 "cvae" 0.5 10
22 5 "cvae" 0.5 10
22 25 "cvae" 0.5 10
23 1 "cvae" 0.5 10
23 5 "cvae" 0.5 10
23 25 "cvae" 0.5 10
24 1 "cvae" 0.5 10
24 5 "cvae" 0.5 10
24 25 "cvae" 0.5 10
25 1 "cvae" 0.5 10
25 5 "cvae" 0.5 10
25 25 "cvae" 0.5 10
26 1 "cvae" 0.5 10
26 5 "cvae" 0.5 10
26 25 "cvae" 0.5 10
27 1 "cvae" 0.5 10
27 5 "cvae" 0.5 10
27 25 "cvae" 0.5 10
28 1 "cvae" 0.5 10
28 5 "cvae" 0.5 10
28 25 "cvae" 0.5 10
29 1 "cvae" 0.5 10
29 5 "cvae" 0.5 10
29 25 "cvae" 0.5 10
30 1 "cvae" 0.5 10
30 5 "cvae" 0.5 10
30 25 "cvae" 0.5 10
31 1 "cvae" 0.5 10
31 5 "cvae" 0.5 10
31 25 "cvae" 0.5 10
32 1 "cvae" 0.5 10
32 5 "cvae" 0.5 10
32 25 "cvae" 0.5 10
33 1 "cvae" 0.5 10
33 5 "cvae" 0.5 10
33 25 "cvae" 0.5 10
34 1 "cvae" 0.5 10
34 5 "cvae" 0.5 10
34 25 "cvae" 0.5 10
35 1 "cvae" 0.5 10
35 5 "cvae" 0.5 10
35 25 "cvae" 0.5 10
36 1 "cvae" 0.5 10
36 5 "cvae" 0.5 10
36 25 "cvae" 0.5 10
37 1 "cvae" 0.5 10
37 5 "cvae" 0.5 10
37 25 "cvae" 0.5 10
38 1 "cvae" 0.5 10
38 5 "cvae" 0.5 10
38 25 "cvae" 0.5 10
39 1 "cvae" 0.5 10
39 5 "cvae" 0.5 10
39 25 "cvae" 0.5 10
40 1 "cvae" 0.5 10
40 5 "cvae" 0.5 10
40 25 "cvae" 0.5 10
41 1 "cvae" 0.5 10
41 5 "cvae" 0.5 10
41 25 "cvae" 0.5 10
42 1 "cvae" 0.5 10
42 5 "cvae" 0.5 10
42 25 "cvae" 0.5 10
43 1 "cvae" 0.5 10
43 5 "cvae" 0.5 10
43 25 "cvae" 0.5 10
44 1 "cvae" 0.5 10
44 5 "cvae" 0.5 10
44 25 "cvae" 0.5 10
45 1 "cvae" 0.5 10
45 5 "cvae" 0.5 10
45 25 "cvae" 0.5 10
46 1 "cvae" 0.5 10
46 5 "cvae" 0.5 10
46 25 "cvae" 0.5 10
47 1 "cvae" 0.5 10
47 5 "cvae" 0.5 10
47 25 "cvae" 0.5 10
48 1 "cvae" 0.5 10
48 5 "cvae" 0.5 10
48 25 "cvae" 0.5 10
49 1 "cvae" 0.5 10
49 5 "cvae" 0.5 10
49 25 "cvae" 0.5 10
50 1 "cvae" 0.5 10
50 5 "cvae" 0.5 10
50 25 "cvae" 0.5 10
