"","a1","a2","a3","a4","a5","a6","a7","a8","a9"
"V1",0,0,0,0,1.47872532106588,0,0,0,0
"V2",0,0,0,0,1.30876424036613,0,0,0,0
"V3",0,0,1.35694373473571,0,0,0,0,0,0
"V4",0,0.891485240003747,0,0.768189521438207,0,0,0,0,0.533021664770078
"V5",0,0,0,0,0,0.50058912835288,0,0,0
"V6",0,0,0,0,0,0,0,0,1.43949407468485
"V7",0,0.711088940876027,0,0,0,0,1.28330421760773,0,0.723891848124938
"V8",0.912905677132044,0,0,0,0,0,0,0,0
"V9",0,1.03000219929127,0,0.0919040285728387,0,0,0.0570986418709753,1.13003424597138,0.222867330253077
"V10",0,0.435920078113623,0,0,0,0,0,0,0.974706024852969
"V11",0,0,0,1.58471156608351,0,0,0,0,1.10530389623209
"V12",0,0.866218818595921,0,0.749194458143534,0,0,0,0,0.410135329070281
"V13",0,0.890467810915197,0,0.438314505216212,0,0,0.0486714974364797,0.569396919796954,0.471077210604879
"V14",0,0,0,0,1.82386616541217,0,0,0,0
"V15",0.786952684614804,0,0,0,0,0,0,0,0
"V16",0,0,0,0,0.492933306808743,0,0,0,0
"V17",0,0,0,0,0,1.21588229432879,0,0,0
"V18",0,0,1.14554721109965,0,0,0,0,0,0
"V19",0,0.880922192861254,0,0.996440655505436,0,0,0.891009439995778,-0.863806757255857,0.528568845817761
"V20",1.15931302119812,0,0,0,0,0,0,0,0
"V21",-0.177089358937061,0,0,0,0,0,0,0,0
"V22",0,0,0,0,0.62902228534656,0,0,0,0
"V23",0.866827283380566,0,0,0,0,0,0,0,0
"V24",0,0.376202350716583,0,0.086878591415106,0,0,0.714909788381847,0.388536078002079,0.643466540613365
"V25",0,0,0,0,0,1.44018537979533,0,0,0
"V26",0,1.05805263608702,0,1.18897976058814,0,0,0.510992727900916,-0.773082683718366,0.217907149991947
"V27",1.17022203028519,0,0,0,0,0,0,0,0
"V28",0.434636552518897,0,0,0,0,0,0,0,0
"V29",0,0,0,1.83746441923616,0,0,0.486732327195898,0.222048569295045,0.484128272660138
"V30",0,0.654270153889756,0,0,0,0,0,0,0.806421652140816
"V31",0,0,0,0,0,1.29439445817669,0,0,0
"V32",0,0.458080443223883,0,0.611920016845307,0,0,0.324028635491349,0.202364556377502,0.628448847600752
"V33",0,0,0.912838474939173,0,0,0,0,0,0
"V34",0.600252804701215,0,0,0,0,0,0,0,0
"V35",0.599143340776853,0,0,0,0,0,0,0,0
"V36",0,1.58227328181154,0,1.15677763172094,0,0,0.575759520411989,-0.980992022588324,0.306003968518736
"V37",1.06796118522534,0,0,0,0,0,0,0,0
"V38",0,0,0,0,0,1.17366820877741,0,0,0
"V39",0.889952761535596,0,0,0,0,0,0,0,0
"V40",0,0,1.47759766236418,0,0,0,0,0,0
"V41",0.50377718581518,0,0,0,0,0,0,0,0
"V42",0,0,0,0,0.829684767543338,0,0,0,0
"V43",0,0,0,0,0,1.46053070248324,0,0,0
"V44",0.682436833252813,0,0,0,0,0,0,0,0
"V45",0,0,1.2696177810875,0,0,0,0,0,0
"V46",0,0,1.43851068544112,0,0,0,0,0,0
"V47",0,0,0,0,0.988198122726668,0,0,0,0
"V48",0,0,0,0,1.23482012658575,0,0,0,0
"V49",0,0,0,0,0.348176476364876,0,0,0,0
"V50",0,0,0,0,0.86299090698362,0,0,0,0
"V51",0,0.642042322434684,0,0,0,0,0,0,1.59975538104613
"V52",0,0,0,0,0,0,0,0,1.26926894472916
"V53",0,0.687571000614099,0,0.526013133374615,0,0,0.00612542521057056,0.552677442268176,0.729081687324205
"V54",0,0,0,0,0,1.22636306690446,0,0,0
"V55",0.968422724348924,0,0,0,0,0,0,0,0
"V56",0,0,0,0,0.866227958802611,0,0,0,0
"V57",0,0,0,0,0,0.647907015177348,0,0,0
"V58",0,0,0,0,0.572251369672215,0,0,0,0
"V59",0,0,0,1.2132639438001,0,0,0.188847565447243,0.327445369275781,0.942445416530017
"V60",0,0,0,0,0.836399139525631,0,0,0,0
"V61",0,0,0,0,1.51558727128734,0,0,0,0
"V62",0,0.857027509007147,0,-0.284942997433865,0,0,0.37702524977357,1.21055247532841,0.413829989060041
"V63",0,0,0.312741442175843,0,0,0,0,0,0
"V64",0,0,0,0,0.589008863993788,0,0,0,0
"V65",0,0.635715440415365,0,0.652063880221524,0,0,0,0,0.0360244082244376
"V66",0,0,0,0,0,0,0,0,3.54379139337476
"V67",0.295206692711152,0,0,0,0,0,0,0,0
"V68",0,0,1.61142405768997,0,0,0,0,0,0
"V69",0,0,0,0,1.66755860032561,0,0,0,0
"V70",0,0,1.83444591240636,0,0,0,0,0,0
"V71",0,0,1.48871531678753,0,0,0,0,0,0
"V72",0.450625569379597,0,0,0,0,0,0,0,0
"V73",0,0,0,1.39281866435699,0,0,0.197992725360241,0.15259098730213,0.340603451330245
"V74",0,0,1.07419816471264,0,0,0,0,0,0
"V75",0,0,1.42647818517808,0,0,0,0,0,0
