0.000000000000000000e+00,-0.000000000000000000e+00,-0.000000000000000000e+00,0.000000000000000000e+00,9.362472295761108398e-01,-0.000000000000000000e+00,-0.000000000000000000e+00,-0.000000000000000000e+00,-0.000000000000000000e+00
0.000000000000000000e+00,-0.000000000000000000e+00,-0.000000000000000000e+00,0.000000000000000000e+00,8.363800048828125000e-01,-0.000000000000000000e+00,-0.000000000000000000e+00,-0.000000000000000000e+00,-0.000000000000000000e+00
0.000000000000000000e+00,-0.000000000000000000e+00,9.706247448921203613e-01,0.000000000000000000e+00,0.000000000000000000e+00,-0.000000000000000000e+00,-0.000000000000000000e+00,-0.000000000000000000e+00,-0.000000000000000000e+00
0.000000000000000000e+00,3.703348338603973389e-01,-0.000000000000000000e+00,1.616106778383255005e-01,0.000000000000000000e+00,-0.000000000000000000e+00,-0.000000000000000000e+00,-0.000000000000000000e+00,1.365497112274169922e+00
0.000000000000000000e+00,-0.000000000000000000e+00,-0.000000000000000000e+00,0.000000000000000000e+00,0.000000000000000000e+00,1.071284413337707520e-01,-0.000000000000000000e+00,-0.000000000000000000e+00,-0.000000000000000000e+00
0.000000000000000000e+00,-0.000000000000000000e+00,-0.000000000000000000e+00,0.000000000000000000e+00,0.000000000000000000e+00,-0.000000000000000000e+00,-0.000000000000000000e+00,-0.000000000000000000e+00,7.950201034545898438e-01
0.000000000000000000e+00,2.879368364810943604e-01,-0.000000000000000000e+00,0.000000000000000000e+00,0.000000000000000000e+00,-0.000000000000000000e+00,1.629905849695205688e-01,-0.000000000000000000e+00,1.280836820602416992e+00
8.458939194679260254e-01,-0.000000000000000000e+00,-0.000000000000000000e+00,0.000000000000000000e+00,0.000000000000000000e+00,-0.000000000000000000e+00,-0.000000000000000000e+00,-0.000000000000000000e+00,-0.000000000000000000e+00
0.000000000000000000e+00,3.814218044281005859e-01,-0.000000000000000000e+00,2.987077832221984863e-01,0.000000000000000000e+00,-0.000000000000000000e+00,2.219745218753814697e-01,6.667681038379669189e-02,1.052466511726379395e+00
0.000000000000000000e+00,1.176682785153388977e-01,-0.000000000000000000e+00,0.000000000000000000e+00,0.000000000000000000e+00,-0.000000000000000000e+00,-0.000000000000000000e+00,-0.000000000000000000e+00,6.348410248756408691e-01
0.000000000000000000e+00,-0.000000000000000000e+00,-0.000000000000000000e+00,5.672670006752014160e-01,0.000000000000000000e+00,-0.000000000000000000e+00,-0.000000000000000000e+00,-0.000000000000000000e+00,1.533766508102416992e+00
0.000000000000000000e+00,4.021345376968383789e-01,-0.000000000000000000e+00,1.366325765848159790e-01,0.000000000000000000e+00,-0.000000000000000000e+00,-0.000000000000000000e+00,-0.000000000000000000e+00,1.028735280036926270e+00
0.000000000000000000e+00,3.851053714752197266e-01,-0.000000000000000000e+00,3.082989752292633057e-01,0.000000000000000000e+00,-0.000000000000000000e+00,2.630192637443542480e-01,1.120759993791580200e-01,1.262373089790344238e+00
0.000000000000000000e+00,-0.000000000000000000e+00,-0.000000000000000000e+00,0.000000000000000000e+00,9.542901515960693359e-01,-0.000000000000000000e+00,-0.000000000000000000e+00,-0.000000000000000000e+00,-0.000000000000000000e+00
6.252051591873168945e-01,-0.000000000000000000e+00,-0.000000000000000000e+00,0.000000000000000000e+00,0.000000000000000000e+00,-0.000000000000000000e+00,-0.000000000000000000e+00,-0.000000000000000000e+00,-0.000000000000000000e+00
0.000000000000000000e+00,-0.000000000000000000e+00,-0.000000000000000000e+00,0.000000000000000000e+00,4.931126534938812256e-01,-0.000000000000000000e+00,-0.000000000000000000e+00,-0.000000000000000000e+00,-0.000000000000000000e+00
0.000000000000000000e+00,-0.000000000000000000e+00,-0.000000000000000000e+00,0.000000000000000000e+00,0.000000000000000000e+00,9.771809577941894531e-01,-0.000000000000000000e+00,-0.000000000000000000e+00,-0.000000000000000000e+00
0.000000000000000000e+00,-0.000000000000000000e+00,8.820525407791137695e-01,0.000000000000000000e+00,0.000000000000000000e+00,-0.000000000000000000e+00,-0.000000000000000000e+00,-0.000000000000000000e+00,-0.000000000000000000e+00
0.000000000000000000e+00,5.453736782073974609e-01,-0.000000000000000000e+00,4.033130407333374023e-01,0.000000000000000000e+00,-0.000000000000000000e+00,6.794523447751998901e-02,-3.143794462084770203e-02,1.003077507019042969e+00
6.617764830589294434e-01,-0.000000000000000000e+00,-0.000000000000000000e+00,0.000000000000000000e+00,0.000000000000000000e+00,-0.000000000000000000e+00,-0.000000000000000000e+00,-0.000000000000000000e+00,-0.000000000000000000e+00
3.616331219673156738e-01,-0.000000000000000000e+00,-0.000000000000000000e+00,0.000000000000000000e+00,0.000000000000000000e+00,-0.000000000000000000e+00,-0.000000000000000000e+00,-0.000000000000000000e+00,-0.000000000000000000e+00
0.000000000000000000e+00,-0.000000000000000000e+00,-0.000000000000000000e+00,0.000000000000000000e+00,6.819404959678649902e-01,-0.000000000000000000e+00,-0.000000000000000000e+00,-0.000000000000000000e+00,-0.000000000000000000e+00
7.442737221717834473e-01,-0.000000000000000000e+00,-0.000000000000000000e+00,0.000000000000000000e+00,0.000000000000000000e+00,-0.000000000000000000e+00,-0.000000000000000000e+00,-0.000000000000000000e+00,-0.000000000000000000e+00
0.000000000000000000e+00,1.864406317472457886e-01,-0.000000000000000000e+00,3.501923978328704834e-01,0.000000000000000000e+00,-0.000000000000000000e+00,1.512876749038696289e-01,1.447945535182952881e-01,1.017452359199523926e+00
0.000000000000000000e+00,-0.000000000000000000e+00,-0.000000000000000000e+00,0.000000000000000000e+00,0.000000000000000000e+00,9.049331545829772949e-01,-0.000000000000000000e+00,-0.000000000000000000e+00,-0.000000000000000000e+00
0.000000000000000000e+00,5.158479213714599609e-01,-0.000000000000000000e+00,5.115264654159545898e-01,0.000000000000000000e+00,-0.000000000000000000e+00,-4.921456798911094666e-02,-8.812738209962844849e-02,9.696564674377441406e-01
8.961147665977478027e-01,-0.000000000000000000e+00,-0.000000000000000000e+00,0.000000000000000000e+00,0.000000000000000000e+00,-0.000000000000000000e+00,-0.000000000000000000e+00,-0.000000000000000000e+00,-0.000000000000000000e+00
2.311591804027557373e-01,-0.000000000000000000e+00,-0.000000000000000000e+00,0.000000000000000000e+00,0.000000000000000000e+00,-0.000000000000000000e+00,-0.000000000000000000e+00,-0.000000000000000000e+00,-0.000000000000000000e+00
0.000000000000000000e+00,-0.000000000000000000e+00,-0.000000000000000000e+00,8.547842502593994141e-01,0.000000000000000000e+00,-0.000000000000000000e+00,3.200896978378295898e-01,1.486577838659286499e-01,1.347535252571105957e+00
0.000000000000000000e+00,1.991980224847793579e-01,-0.000000000000000000e+00,0.000000000000000000e+00,0.000000000000000000e+00,-0.000000000000000000e+00,-0.000000000000000000e+00,-0.000000000000000000e+00,7.699195146560668945e-01
0.000000000000000000e+00,-0.000000000000000000e+00,-0.000000000000000000e+00,0.000000000000000000e+00,0.000000000000000000e+00,9.415658712387084961e-01,-0.000000000000000000e+00,-0.000000000000000000e+00,-0.000000000000000000e+00
0.000000000000000000e+00,2.197884768247604370e-01,-0.000000000000000000e+00,5.308720469474792480e-01,0.000000000000000000e+00,-0.000000000000000000e+00,1.740879416465759277e-01,1.264263093471527100e-01,9.815828204154968262e-01
0.000000000000000000e+00,-0.000000000000000000e+00,5.331872701644897461e-01,0.000000000000000000e+00,0.000000000000000000e+00,-0.000000000000000000e+00,-0.000000000000000000e+00,-0.000000000000000000e+00,-0.000000000000000000e+00
5.955347418785095215e-01,-0.000000000000000000e+00,-0.000000000000000000e+00,0.000000000000000000e+00,0.000000000000000000e+00,-0.000000000000000000e+00,-0.000000000000000000e+00,-0.000000000000000000e+00,-0.000000000000000000e+00
4.478734433650970459e-01,-0.000000000000000000e+00,-0.000000000000000000e+00,0.000000000000000000e+00,0.000000000000000000e+00,-0.000000000000000000e+00,-0.000000000000000000e+00,-0.000000000000000000e+00,-0.000000000000000000e+00
0.000000000000000000e+00,7.084600925445556641e-01,-0.000000000000000000e+00,5.175294876098632812e-01,0.000000000000000000e+00,-0.000000000000000000e+00,1.314232945442199707e-01,-4.811744764447212219e-02,1.213845610618591309e+00
8.109348416328430176e-01,-0.000000000000000000e+00,-0.000000000000000000e+00,0.000000000000000000e+00,0.000000000000000000e+00,-0.000000000000000000e+00,-0.000000000000000000e+00,-0.000000000000000000e+00,-0.000000000000000000e+00
0.000000000000000000e+00,-0.000000000000000000e+00,-0.000000000000000000e+00,0.000000000000000000e+00,0.000000000000000000e+00,1.009876847267150879e+00,-0.000000000000000000e+00,-0.000000000000000000e+00,-0.000000000000000000e+00
6.392953991889953613e-01,-0.000000000000000000e+00,-0.000000000000000000e+00,0.000000000000000000e+00,0.000000000000000000e+00,-0.000000000000000000e+00,-0.000000000000000000e+00,-0.000000000000000000e+00,-0.000000000000000000e+00
0.000000000000000000e+00,-0.000000000000000000e+00,1.083749532699584961e+00,0.000000000000000000e+00,0.000000000000000000e+00,-0.000000000000000000e+00,-0.000000000000000000e+00,-0.000000000000000000e+00,-0.000000000000000000e+00
5.627672076225280762e-01,-0.000000000000000000e+00,-0.000000000000000000e+00,0.000000000000000000e+00,0.000000000000000000e+00,-0.000000000000000000e+00,-0.000000000000000000e+00,-0.000000000000000000e+00,-0.000000000000000000e+00
0.000000000000000000e+00,-0.000000000000000000e+00,-0.000000000000000000e+00,0.000000000000000000e+00,9.382613301277160645e-01,-0.000000000000000000e+00,-0.000000000000000000e+00,-0.000000000000000000e+00,-0.000000000000000000e+00
0.000000000000000000e+00,-0.000000000000000000e+00,-0.000000000000000000e+00,0.000000000000000000e+00,0.000000000000000000e+00,9.590892791748046875e-01,-0.000000000000000000e+00,-0.000000000000000000e+00,-0.000000000000000000e+00
8.652623891830444336e-01,-0.000000000000000000e+00,-0.000000000000000000e+00,0.000000000000000000e+00,0.000000000000000000e+00,-0.000000000000000000e+00,-0.000000000000000000e+00,-0.000000000000000000e+00,-0.000000000000000000e+00
0.000000000000000000e+00,-0.000000000000000000e+00,7.327175736427307129e-01,0.000000000000000000e+00,0.000000000000000000e+00,-0.000000000000000000e+00,-0.000000000000000000e+00,-0.000000000000000000e+00,-0.000000000000000000e+00
0.000000000000000000e+00,-0.000000000000000000e+00,1.067001223564147949e+00,0.000000000000000000e+00,0.000000000000000000e+00,-0.000000000000000000e+00,-0.000000000000000000e+00,-0.000000000000000000e+00,-0.000000000000000000e+00
0.000000000000000000e+00,-0.000000000000000000e+00,-0.000000000000000000e+00,0.000000000000000000e+00,8.687834143638610840e-01,-0.000000000000000000e+00,-0.000000000000000000e+00,-0.000000000000000000e+00,-0.000000000000000000e+00
0.000000000000000000e+00,-0.000000000000000000e+00,-0.000000000000000000e+00,0.000000000000000000e+00,9.106683135032653809e-01,-0.000000000000000000e+00,-0.000000000000000000e+00,-0.000000000000000000e+00,-0.000000000000000000e+00
0.000000000000000000e+00,-0.000000000000000000e+00,-0.000000000000000000e+00,0.000000000000000000e+00,3.393257260322570801e-01,-0.000000000000000000e+00,-0.000000000000000000e+00,-0.000000000000000000e+00,-0.000000000000000000e+00
0.000000000000000000e+00,-0.000000000000000000e+00,-0.000000000000000000e+00,0.000000000000000000e+00,8.647404313087463379e-01,-0.000000000000000000e+00,-0.000000000000000000e+00,-0.000000000000000000e+00,-0.000000000000000000e+00
0.000000000000000000e+00,1.545501649379730225e-01,-0.000000000000000000e+00,0.000000000000000000e+00,0.000000000000000000e+00,-0.000000000000000000e+00,-0.000000000000000000e+00,-0.000000000000000000e+00,1.067243337631225586e+00
0.000000000000000000e+00,-0.000000000000000000e+00,-0.000000000000000000e+00,0.000000000000000000e+00,0.000000000000000000e+00,-0.000000000000000000e+00,-0.000000000000000000e+00,-0.000000000000000000e+00,6.122060418128967285e-01
0.000000000000000000e+00,2.387669831514358521e-01,-0.000000000000000000e+00,4.127062559127807617e-01,0.000000000000000000e+00,-0.000000000000000000e+00,2.804385423660278320e-01,1.624573022127151489e-01,1.093706369400024414e+00
0.000000000000000000e+00,-0.000000000000000000e+00,-0.000000000000000000e+00,0.000000000000000000e+00,0.000000000000000000e+00,7.843329906463623047e-01,-0.000000000000000000e+00,-0.000000000000000000e+00,-0.000000000000000000e+00
6.676514744758605957e-01,-0.000000000000000000e+00,-0.000000000000000000e+00,0.000000000000000000e+00,0.000000000000000000e+00,-0.000000000000000000e+00,-0.000000000000000000e+00,-0.000000000000000000e+00,-0.000000000000000000e+00
0.000000000000000000e+00,-0.000000000000000000e+00,-0.000000000000000000e+00,0.000000000000000000e+00,7.408988475799560547e-01,-0.000000000000000000e+00,-0.000000000000000000e+00,-0.000000000000000000e+00,-0.000000000000000000e+00
0.000000000000000000e+00,-0.000000000000000000e+00,-0.000000000000000000e+00,0.000000000000000000e+00,0.000000000000000000e+00,7.032536715269088745e-02,-0.000000000000000000e+00,-0.000000000000000000e+00,-0.000000000000000000e+00
0.000000000000000000e+00,-0.000000000000000000e+00,-0.000000000000000000e+00,0.000000000000000000e+00,4.676752984523773193e-01,-0.000000000000000000e+00,-0.000000000000000000e+00,-0.000000000000000000e+00,-0.000000000000000000e+00
0.000000000000000000e+00,-0.000000000000000000e+00,-0.000000000000000000e+00,6.976297497749328613e-01,0.000000000000000000e+00,-0.000000000000000000e+00,7.565672695636749268e-02,8.135624229907989502e-02,1.513484835624694824e+00
0.000000000000000000e+00,-0.000000000000000000e+00,-0.000000000000000000e+00,0.000000000000000000e+00,5.569524168968200684e-01,-0.000000000000000000e+00,-0.000000000000000000e+00,-0.000000000000000000e+00,-0.000000000000000000e+00
0.000000000000000000e+00,-0.000000000000000000e+00,-0.000000000000000000e+00,0.000000000000000000e+00,1.204179167747497559e+00,-0.000000000000000000e+00,-0.000000000000000000e+00,-0.000000000000000000e+00,-0.000000000000000000e+00
0.000000000000000000e+00,2.835255563259124756e-01,-0.000000000000000000e+00,1.897520422935485840e-01,0.000000000000000000e+00,-0.000000000000000000e+00,1.757485419511795044e-01,1.568328291177749634e-01,9.057342410087585449e-01
0.000000000000000000e+00,-0.000000000000000000e+00,1.796730309724807739e-01,0.000000000000000000e+00,0.000000000000000000e+00,-0.000000000000000000e+00,-0.000000000000000000e+00,-0.000000000000000000e+00,-0.000000000000000000e+00
0.000000000000000000e+00,-0.000000000000000000e+00,-0.000000000000000000e+00,0.000000000000000000e+00,5.608198046684265137e-01,-0.000000000000000000e+00,-0.000000000000000000e+00,-0.000000000000000000e+00,-0.000000000000000000e+00
0.000000000000000000e+00,1.461004912853240967e-01,-0.000000000000000000e+00,2.984413802623748779e-01,0.000000000000000000e+00,-0.000000000000000000e+00,-0.000000000000000000e+00,-0.000000000000000000e+00,6.588286161422729492e-01
0.000000000000000000e+00,-0.000000000000000000e+00,-0.000000000000000000e+00,0.000000000000000000e+00,0.000000000000000000e+00,-0.000000000000000000e+00,-0.000000000000000000e+00,-0.000000000000000000e+00,6.973017454147338867e-01
5.319858789443969727e-01,-0.000000000000000000e+00,-0.000000000000000000e+00,0.000000000000000000e+00,0.000000000000000000e+00,-0.000000000000000000e+00,-0.000000000000000000e+00,-0.000000000000000000e+00,-0.000000000000000000e+00
0.000000000000000000e+00,-0.000000000000000000e+00,1.117450237274169922e+00,0.000000000000000000e+00,0.000000000000000000e+00,-0.000000000000000000e+00,-0.000000000000000000e+00,-0.000000000000000000e+00,-0.000000000000000000e+00
0.000000000000000000e+00,-0.000000000000000000e+00,-0.000000000000000000e+00,0.000000000000000000e+00,1.035987496376037598e+00,-0.000000000000000000e+00,-0.000000000000000000e+00,-0.000000000000000000e+00,-0.000000000000000000e+00
0.000000000000000000e+00,-0.000000000000000000e+00,1.024544596672058105e+00,0.000000000000000000e+00,0.000000000000000000e+00,-0.000000000000000000e+00,-0.000000000000000000e+00,-0.000000000000000000e+00,-0.000000000000000000e+00
0.000000000000000000e+00,-0.000000000000000000e+00,2.606006562709808350e-01,0.000000000000000000e+00,0.000000000000000000e+00,-0.000000000000000000e+00,-0.000000000000000000e+00,-0.000000000000000000e+00,-0.000000000000000000e+00
8.178017139434814453e-01,-0.000000000000000000e+00,-0.000000000000000000e+00,0.000000000000000000e+00,0.000000000000000000e+00,-0.000000000000000000e+00,-0.000000000000000000e+00,-0.000000000000000000e+00,-0.000000000000000000e+00
0.000000000000000000e+00,-0.000000000000000000e+00,-0.000000000000000000e+00,8.381696343421936035e-01,0.000000000000000000e+00,-0.000000000000000000e+00,2.245646864175796509e-01,1.264337599277496338e-01,1.059697031974792480e+00
0.000000000000000000e+00,-0.000000000000000000e+00,8.699033856391906738e-01,0.000000000000000000e+00,0.000000000000000000e+00,-0.000000000000000000e+00,-0.000000000000000000e+00,-0.000000000000000000e+00,-0.000000000000000000e+00
0.000000000000000000e+00,-0.000000000000000000e+00,1.150063991546630859e+00,0.000000000000000000e+00,0.000000000000000000e+00,-0.000000000000000000e+00,-0.000000000000000000e+00,-0.000000000000000000e+00,-0.000000000000000000e+00
