3.130205154418945312e+00
2.762029409408569336e+00
2.465677022933959961e+00
2.126666545867919922e+00
3.284001588821411133e+00
2.833336114883422852e+00
2.277987957000732422e+00
2.661979913711547852e+00
2.206632852554321289e+00
2.341581821441650391e+00
1.639397501945495605e+00
1.434645652770996094e+00
1.832615256309509277e+00
3.160017013549804688e+00
2.699481487274169922e+00
2.085454463958740234e+00
2.871592760086059570e+00
2.261468410491943359e+00
1.452808737754821777e+00
2.472321987152099609e+00
3.509915113449096680e+00
2.836125612258911133e+00
2.653033733367919922e+00
2.059519529342651367e+00
2.593688249588012695e+00
1.328553080558776855e+00
2.945090293884277344e+00
2.367998600006103516e+00
1.690054178237915039e+00
2.228936433792114258e+00
2.409837722778320312e+00
1.719693899154663086e+00
2.877533912658691406e+00
3.165710926055908203e+00
2.154819250106811523e+00
1.606486916542053223e+00
3.056937932968139648e+00
2.696506977081298828e+00
2.755606651306152344e+00
2.666751861572265625e+00
2.738647460937500000e+00
2.312431812286376953e+00
2.724781513214111328e+00
2.675797462463378906e+00
2.996248006820678711e+00
2.732012510299682617e+00
2.917330980300903320e+00
2.895736694335937500e+00
1.416489839553833008e+00
2.523358345031738281e+00
3.081142187118530273e+00
1.996817827224731445e+00
1.999569535255432129e+00
2.377146482467651367e+00
3.140906810760498047e+00
2.526490449905395508e+00
3.440435171127319336e+00
2.233521461486816406e+00
1.772743463516235352e+00
2.641943454742431641e+00
2.887618780136108398e+00
1.882472157478332520e+00
3.673509836196899414e+00
1.992796659469604492e+00
2.767340898513793945e+00
3.280394077301025391e+00
3.381781101226806641e+00
2.575684070587158203e+00
3.114886760711669922e+00
2.806931734085083008e+00
3.770341396331787109e+00
2.296335935592651367e+00
1.446062326431274414e+00
2.452467441558837891e+00
2.643862009048461914e+00
